0.0001
0.000133
0.000178
0.000237
0.000316
0.000421
0.000562
0.000749
0.000999
0.001332
0.001776
0.002368
0.003157
0.004209
0.005612
0.007483
0.009977
0.013303
0.017738
0.02365
0.031534
0.042045
0.05606
0.074747
0.099662
0.132883
0.177177
0.236236
0.314981
0.419975
0.559967
0.746622
0.995496
1.327328
2.0
>
-23703829.496479 183853.719272 47407658.992958
 1601683.421517  
>
-23587028.374405 112013.055297 47174060.74881
34.0 1676259.155640 86451.308180  
>
-23574334.501894 5481.132039 47148677.003788
18.0 28.0 1116326.590820 2048704.859781 1008210.265097  
>
-23574290.907245 1751.372326 47148593.81449
17.0 28.0 31.0 990361.843800 2007356.859776 1109829.294958 981989.876189  
