0.000100
0.000133
0.000178
0.000237
0.000316
0.000421
0.000562
0.000749
0.000999
0.001332
0.001776
0.002368
0.003157
0.004209
0.005612
0.007483
0.009977
0.013303
0.017738
0.023650
0.031534
0.042045
0.056060
0.074747
0.099662
0.132883
0.177177
0.236236
0.314981
0.419975
0.559967
0.746622
0.995496
1.327328
2.000000
 >
 log_likelihood: -23703829.496479 
 distance: 183853.719272 
 breakpoints: 
 thetas: 1601683.421517 
 se_thetas: 19922.579300 
 residues: -8467.041933 73821.580855 52575.325943 29764.942311 13865.490220 2523.577740 -5582.319739 -10932.030104 -14727.741331 -17905.824617 -19629.026704 -21517.566445 -23390.571248 -23847.184524 -24421.229136 -25767.873580 -25546.062484 -25784.136994 -26378.996842 -26121.213850 -26360.112838 -26036.194720 -26442.492999 -25564.591098 -25601.115840 -25722.579087 -25966.476968 -25820.582408 -25312.384169 -25114.666123 -24797.010356 -25001.774871 -25017.584181 -24827.266574 -23882.666873 -24733.509666 -24349.287494 -24032.167294 -24423.910959 -24102.809215 -23633.625974 -24110.550973 -23602.160830 -23464.385615 -23329.481660 -23689.008876 -23638.812598 -23506.008890 -23623.974046 -11585.668422 
 fitted_sfs: 1617862.041933 817185.419145 550406.674057 417105.057689 337196.509780 283986.422260 246034.319739 217620.030104 195565.741331 177964.824617 163604.026704 151674.566445 141616.571248 133030.184524 125622.229136 119172.873580 113514.062484 108515.136994 104072.996842 100105.213850 96545.112838 93338.194720 90439.492999 87811.591098 85423.115840 83247.579087 81262.476968 79448.582408 77789.384169 76270.666123 74880.010356 73606.774871 72441.584181 71376.266574 70403.666873 69517.509666 68712.287494 67983.167294 67325.910959 66736.809215 66212.625974 65750.550973 65348.160830 65003.385615 64714.481660 64480.008876 64298.812598 64170.008890 64092.974046 32033.668422 
 >
 log_likelihood: -23587028.374405 
 distance: 112013.055297 
 breakpoints: 34 
 thetas: 1676259.155640 86451.308180 
 se_thetas: 14791.611531 168479.668647 
 residues: -58681.596686 60883.668524 52055.392462 35448.252681 23266.090990 14398.438977 8056.450237 4026.632933 1254.760702 -1106.763405 -2164.196031 -3500.098498 -4907.530070 -4967.016500 -5198.730075 -6247.603750 -5764.757354 -5772.448446 -6162.776322 -5722.474881 -5797.764487 -5326.608534 -5599.946844 -4601.620695 -4528.796147 -4550.751753 -4703.935843 -4475.226113 -3891.342548 -3624.407105 -3243.423682 -3390.254782 -3353.088386 -3114.372302 -2125.618202 -2936.258484 -2515.529259 -2165.372431 -2527.352564 -2179.587678 -1686.691008 -2142.721444 -1616.142771 -1462.788677 -1314.834313 -1663.772534 -1605.394915 -1466.776362 -1581.264129 -563.734855 
 fitted_sfs: 1668076.596686 830123.331476 550926.607538 411421.747319 327795.909010 272111.561023 232395.549763 202661.367067 179583.239298 161165.763405 146139.196031 133657.098498 123133.530070 114150.016500 106399.730075 99652.603750 93732.757354 88503.448446 83856.776322 79706.474881 75982.764487 72628.608534 69596.946844 66848.620695 64350.796147 62075.751753 59999.935843 58103.226113 56368.342548 54780.407105 53326.423682 51995.254782 50777.088386 49663.372302 48646.618202 47720.258484 46878.529259 46116.372431 45429.352564 44813.587678 44265.691008 43782.721444 43362.142771 43001.788677 42699.834313 42454.772534 42265.394915 42130.776362 42050.264129 21011.734855 
 >
 log_likelihood: -23574334.501894 
 distance: 5481.132039 
 breakpoints: 18 28 
 thetas: 1116326.590820 2048704.859781 1008210.265097 
 se_thetas: 3635.312592 2335.087506 2745.713573 
 residues: -634.969281 3504.567717 -382.352322 -2049.378964 -1737.872789 -1463.388368 -1285.476383 -662.775546 -92.918197 -41.356398 645.475166 563.672488 45.355202 599.540703 771.408161 -35.393441 564.728170 577.658813 133.144589 461.592188 230.355636 512.307720 25.218023 792.285774 622.063872 349.937882 -56.724405 -81.670555 250.951549 271.145627 411.621428 31.978826 -154.799716 -130.192754 655.083526 -347.752459 -107.405792 74.613519 -442.909428 -237.810903 125.521675 -446.790892 -23.070334 40.960820 113.213490 -297.739596 -287.641106 -183.530894 -318.732665 64.077808 
 fitted_sfs: 1610029.969281 887502.432283 603364.352322 448919.378964 352799.872789 287973.388368 241737.476383 207350.775546 180930.918197 160100.356398 143329.524834 129593.327512 118180.644798 108583.459297 100429.591839 93440.393441 87403.271830 82153.341187 77560.855411 73522.407812 69954.644364 66789.692280 63971.781977 61454.714226 59199.936128 57175.062118 55352.724405 53709.670555 52226.048451 50884.854373 49671.378572 48573.021174 47578.799716 46679.192754 45865.916474 45131.752459 44470.405792 43876.386481 43344.909428 42871.810903 42453.478325 42086.790892 41769.070334 41498.039180 41271.786510 41088.739596 40947.641106 40847.530894 40787.732665 20383.922192 
 >
 log_likelihood: -23574290.907245 
 distance: 1751.372326 
 breakpoints: 17 28 31 
 thetas: 990361.843800 2007356.859776 1109829.294958 981989.876189 
 se_thetas: 1741.878631 1104.257300 7010.338259 2966.941829 
 residues: 17.571486 -153.943881 227.205646 -75.089816 182.307877 -13.209245 -336.237424 -132.755927 115.148255 -70.919157 444.816880 242.738788 -357.382134 144.134411 285.470571 -534.986608 64.363718 86.348574 -341.653826 8.913096 -196.054036 115.161511 -340.593000 459.142346 322.325673 83.862796 -289.266113 -281.122025 83.893810 135.582695 306.483194 -43.930765 -202.784590 -151.640924 658.717813 -320.541743 -58.164674 144.308603 -354.359549 -132.021991 246.922119 -311.414403 124.641609 199.364634 280.664108 -122.887717 -107.033382 1.187657 -131.547846 158.081241 
 fitted_sfs: 1609377.428514 891160.943881 602754.794354 446945.089816 350879.692123 286523.209245 240788.237424 206820.755927 180722.851745 160129.919157 143530.183120 129914.261212 118583.382134 109038.865589 100915.529429 93939.986608 87903.636282 82644.651426 78035.653826 73975.086904 70381.054036 67186.838489 64337.593000 61787.857654 59499.674327 57441.137204 55585.266113 53909.122025 52393.106190 51020.417305 49776.516806 48648.930765 47626.784590 46700.640924 45862.282187 45104.541743 44421.164674 43806.691397 43256.359549 42766.021991 42332.077881 41951.414403 41621.358391 41339.635366 41104.335892 40913.887717 40767.033382 40662.812343 40600.547846 20289.918759 
