0.0001
0.000133
0.000178
0.000237
0.000316
0.000421
0.000562
0.000749
0.000999
0.001332
0.001776
0.002368
0.003157
0.004209
0.005612
0.007483
0.009977
0.013303
0.017738
0.02365
0.031534
0.042045
0.05606
0.074747
0.099662
0.132883
0.177177
0.236236
0.314981
0.419975
0.559967
0.746622
0.995496
1.327328
2.0
>
-2832837.963579 78870.933962 5665675.927158
 634765.110089  
>
-2824898.078408 538.155031 5649800.156816
33.0 503926.367199 994068.010545  
>
-2824897.730025 340.554743 5649803.46005
25.0 29.0 540229.554603 360624.156343 781788.987475  
>
-2824897.64251 227.334376 5649807.28502
20.0 22.0 28.0 10222.324286 2153921.929189 227824.561141 769888.660806  
