0.000100
0.000133
0.000178
0.000237
0.000316
0.000421
0.000562
0.000749
0.000999
0.001332
0.001776
0.002368
0.003157
0.004209
0.005612
0.007483
0.009977
0.013303
0.017738
0.023650
0.031534
0.042045
0.056060
0.074747
0.099662
0.132883
0.177177
0.236236
0.314981
0.419975
0.559967
0.746622
0.995496
1.327328
2.000000
 >
 log_likelihood: -2832837.963579 
 distance: 78870.933962 
 breakpoints: 
 thetas: 634765.110089 
 se_thetas: 27438.978240 
 residues: -45932.566766 16912.806194 36638.899958 44302.537463 22795.977982 
 fitted_sfs: 705294.566766 396728.193806 302269.100042 264485.462537 126953.022018 
 >
 log_likelihood: -2824898.078408 
 distance: 538.155031 
 breakpoints: 33 
 thetas: 503926.367199 994068.010545 
 se_thetas: 558.938773 1431.883857 
 residues: 76.984768 -323.354004 187.274734 215.633558 -312.340696 
 fitted_sfs: 659285.015232 413964.354004 338720.725266 308572.366442 150061.340696 
 >
 log_likelihood: -2824897.730025 
 distance: 340.554743 
 breakpoints: 25 29 
 thetas: 540229.554603 360624.156343 781788.987475 
 se_thetas: 3354.276257 4885.185607 907.393072 
 residues: -5.508681 64.347915 -190.059172 216.719339 -169.460237 
 fitted_sfs: 659367.508681 413576.652085 339098.059172 308571.280661 149918.460237 
 >
 log_likelihood: -2824897.642510 
 distance: 227.334376 
 breakpoints: 20 22 28 
 thetas: 10222.324286 2153921.929189 227824.561141 769888.660806 
 se_thetas: 137761.167782 302363.761391 18360.311078 1300.522968 
 residues: -0.092485 3.595260 -35.726044 125.138728 -186.365044 
 fitted_sfs: 659362.092485 413637.404740 338943.726044 308662.861272 149935.365044 
