0.0001
0.000133
0.000178
0.000237
0.000316
0.000421
0.000562
0.000749
0.000999
0.001332
0.001776
0.002368
0.003157
0.004209
0.005612
0.007483
0.009977
0.013303
0.017738
0.02365
0.031534
0.042045
0.05606
0.074747
0.099662
0.132883
0.177177
0.236236
0.314981
0.419975
0.559967
0.746622
0.995496
1.327328
2.0
>
-21011722.692742 148834.31231 42023445.385484
 845680.047297  
>
-20868025.053921 2019.280883 41736054.107842
17.0 1000354.867721 499997.961379  
>
-20868024.987806 2018.766019 41736057.975612
17.0 19.0 1000296.678819 500794.459152 499842.643530  
>
-20868024.641777 2007.751953 41736061.283554
16.0 18.0 19.0 1001251.878423 823516.497969 341606.752332 500200.556517  
