0.000100
0.000133
0.000178
0.000237
0.000316
0.000421
0.000562
0.000749
0.000999
0.001332
0.001776
0.002368
0.003157
0.004209
0.005612
0.007483
0.009977
0.013303
0.017738
0.023650
0.031534
0.042045
0.056060
0.074747
0.099662
0.132883
0.177177
0.236236
0.314981
0.419975
0.559967
0.746622
0.995496
1.327328
2.000000
 >
 log_likelihood: -21011722.692742 
 distance: 148834.312310 
 breakpoints: 
 thetas: 845680.047297 
 se_thetas: 5173.004834 
 residues: 71137.426134 190.601550 -19102.573815 -25758.088182 -28991.939151 -30610.459310 -30317.076862 -28566.505964 -28023.809986 -26625.227003 -25807.090289 -24341.288745 -23201.129999 -22379.405341 -21175.228298 -20227.433889 -19321.190302 -18731.406174 -17899.535344 -16923.941175 -16294.298665 -15463.705517 -15234.286327 -14474.144193 -14083.566022 -13731.410339 -12836.630263 -12537.900030 -12443.318160 -11647.169994 -11566.736357 -11084.137901 -10612.207984 -10445.387745 -10257.639434 -10179.373865 -9863.389928 -9570.823387 -9524.103844 -8927.917730 -8568.177964 -8584.994996 -8358.656060 -8027.603644 -8198.418800 -7848.806348 -7704.579737 -7331.653687 -7365.029946 -7380.792003 -7100.089273 -7209.145405 -6907.236879 -6972.695180 -6682.900417 -6601.276976 -6420.289568 -6392.439997 -6325.263691 -6178.327076 -6031.224993 -5840.578632 -5945.032876 -5831.255107 -5559.932910 -5902.773079 -5530.499750 -5262.853268 -5178.589221 -5351.476912 -5261.298822 -5197.849355 -5192.934398 -4975.370121 -4963.982672 -4936.607186 -4628.087504 -4986.275383 -4626.030096 -4684.218028 -4542.712080 -4690.391408 -4470.140933 -4416.851081 -4406.417325 -4311.740585 -4340.725440 -4286.281285 -4229.321647 -4325.763882 -4105.528423 -4230.540106 -4063.726403 -4021.017931 -4026.348334 -3951.653934 -4008.873768 -3935.949261 -3908.824309 -3808.444963 -3852.759486 -3713.718093 -3682.273021 -3600.378263 -3879.989602 -3716.064487 -3619.561985 -3517.442606 -3575.668413 -3487.202684 -3489.010330 -3425.057094 -3394.309909 -3471.738167 -3462.310223 -3422.996870 -3351.769650 -3388.601036 -3217.464281 -3312.333775 -3202.184600 -3165.992804 -3101.735052 -3189.388565 -3161.931532 -3037.343720 -2947.603676 -3149.691945 -3041.589298 -3128.277140 -3055.737486 -3042.952795 -2979.906125 -2943.580975 -2986.961543 -3023.031982 -2833.777594 -2925.183624 -2810.235894 -2870.920656 -2793.224487 -2849.134382 -2691.637669 -2780.722356 -2658.375672 -2767.586759 -2774.344076 -2782.636580 -2813.453601 -2665.784681 -2789.619675 -2713.948727 -2695.762180 -2759.050666 -2629.805095 -2559.016525 -2506.676353 -2656.775966 -2700.307301 -2523.262275 -2598.633014 -2563.411937 -2561.591563 -2490.164658 -2474.124091 -2404.462978 -2555.174449 -2374.252173 -2397.689482 -2462.480137 -2453.618041 -2496.097166 -2429.911711 -2376.055877 -2475.524143 -2428.310996 -2388.411143 -2296.819341 -2384.530503 -2330.539648 -2302.841819 -2268.432367 -2366.306520 -2379.459824 -2381.887721 -2321.585912 -2263.550052 -2206.776019 -2200.259676 -2242.997054 -2267.984208 -2261.217307 -2269.692571 -2244.406324 -2096.354972 -2310.534972 -2167.942865 -2165.575242 -2255.428810 -2326.500459 -2154.786512 -2102.284310 -2134.990665 -2071.902545 -2088.017017 -2045.331171 -2077.842185 -2077.547292 -2075.443708 -2025.528920 -2102.800141 -2126.254892 -1983.890545 -2023.704740 -1981.694995 -2048.858925 -2030.194218 -1984.698556 -1998.369694 -1955.205405 -2038.203597 -1982.361956 -2024.678525 -2006.151232 -1977.778034 -2011.556988 -1943.486109 -1965.563494 -1950.787254 -1909.155538 -1966.666559 -1915.318529 -1815.109652 -1950.038247 -1918.102604 -2028.301085 -1963.632053 -1865.093847 -1957.684898 -1949.403763 -1853.248799 -1853.218546 -1898.311500 -1941.526175 -1931.861313 -1838.315343 -1774.886945 -1811.574723 -1682.377374 -1864.293583 -1831.322054 -1828.461520 -1816.710687 -1718.068366 -1941.533343 -1722.104419 -1802.780433 -1744.560163 -1746.442540 -1808.426440 -1792.510742 -1829.694376 -1868.976239 -1764.355313 -1833.830537 -1769.400953 -1779.065491 -1738.823175 -1766.673043 -1723.614132 -1818.645421 -1847.766246 -1836.975391 -1763.272074 -1705.655392 -1672.124461 -1751.678510 -1737.316559 -1723.037835 -1780.841498 -1697.726754 -1701.692785 -1703.738814 -1767.864026 -1699.067707 -1665.349082 -1673.707398 -1714.141933 -1662.651718 -1591.236814 -1738.895615 -1635.627892 -1634.432861 -1657.309836 -1676.258183 -1632.277256 -1631.366365 -1568.524943 -1563.752314 -1621.047842 -1695.410953 -1664.841058 -1635.337506 -1659.899799 -1726.527309 -1629.219432 -1617.975649 -1646.795434 -1671.678156 -1601.623409 -1539.630542 -1596.699088 -1617.828514 -1598.018306 -1666.267972 -1642.577019 -1649.944941 -1625.371288 -1558.855559 -1515.397276 -1620.995992 -1503.651187 -1536.362603 -1524.129638 -1526.951781 -1651.828713 -1600.760045 -1583.745300 -1555.784014 -1544.875822 -1542.020348 -1608.217155 -1505.465851 -1496.766050 -1545.116771 -1519.519432 -1497.971855 -1525.474285 -1485.026338 -1564.627652 -1495.277903 -1452.976717 -1586.723739 -1563.518643 -1507.361109 -1591.250740 -1565.187275 -1516.170368 -1548.199690 -1439.274927 -1548.395785 -1551.561939 -1533.773080 -1513.028931 -1489.329174 -1539.673524 -1545.061693 -1537.493410 -1411.968409 -1519.486313 -1466.046967 -1537.650044 -1538.295289 -1540.982444 -1549.711239 -1445.481422 -1479.292739 -1539.144952 -1525.037787 -1541.971030 -1451.944413 -1494.957739 -1448.010738 -1468.103185 -1419.234874 -1422.405547 -1439.615006 -1490.863028 -1464.149388 -1432.473885 -1452.836291 -1462.236429 -1522.674010 -1440.149011 -1415.661062 -1450.210016 -1471.795714 -1530.417894 -1478.076428 -1462.771112 -1472.501754 -1348.268194 -1457.070221 -1428.907691 -1434.780405 -1503.688187 -1465.630915 -1408.608370 -1453.620409 -1437.666865 -1429.747576 -1462.862392 -1344.011148 -1557.993873 -1443.409655 -1471.659554 -1441.942595 -1423.258801 -1355.608088 -1437.990271 -1404.405243 -1451.852846 -1437.332959 -1459.845440 -1525.390165 -1375.966997 -1479.575827 -1465.216507 -1432.888931 -1476.592969 -1434.328531 -1497.095408 -1434.893606 -1376.722939 -1517.583315 -1458.474622 -1488.396740 -1445.349583 -1340.333032 -1379.346990 -1543.391372 -1405.466026 -1385.570903 -1418.705902 -1371.870906 -1393.065844 -1343.290616 -1362.545170 -1396.829306 -1354.143048 -1405.486287 -1443.858916 -1364.260869 -1422.692068 -1414.152434 -1461.641885 -1444.160346 -1345.707749 -1494.284018 -1419.889073 -1319.522866 -1446.185318 -1389.876365 -1415.595938 -1401.343976 -1389.120417 -1337.925232 -1422.758291 -1353.619582 -1349.509050 -1412.426638 -1417.372291 -1344.345961 -1443.347590 -1431.377139 -1491.434549 -1419.519784 -1373.632796 -1413.773542 -1417.941981 -1319.138069 -1502.361773 -1408.613047 -1326.891866 -1384.198186 -1367.531976 -1360.893200 -1366.281838 -1353.697854 -1398.141217 -1390.611902 -1381.109882 -1330.635138 -1321.187644 -1358.767378 -1361.374318 -1397.008454 -1354.669761 -1357.358220 -1295.073817 -1397.816547 -1479.586389 -1308.383334 -1350.207370 -1394.058497 -1389.936695 -1380.841970 -1398.774315 -1429.733719 -718.360094 
 fitted_sfs: 846526.573866 423687.398450 282741.573815 212269.088182 169985.939151 141797.459310 121663.076862 106562.505964 94817.809986 85422.227003 77735.090289 71329.288745 65909.129999 61263.405341 57237.228298 53714.433889 50606.190302 47843.406174 45371.535344 43146.941175 41134.298665 39304.705517 37634.286327 36103.144193 34694.566022 33394.410339 32190.630263 31072.900030 30032.318160 29061.169994 28152.736357 27301.137901 26501.207984 25748.387745 25038.639434 24368.373865 23734.389928 23133.823387 22564.103844 22022.917730 21508.177964 21017.994996 20550.656060 20104.603644 19678.418800 19270.806348 18880.579737 18506.653687 18148.029946 17803.792003 17473.089273 17155.145405 16849.236879 16554.695180 16270.900417 15997.276976 15733.289568 15478.439997 15232.263691 14994.327076 14764.224993 14541.578632 14326.032876 14117.255107 13914.932910 13718.773079 13528.499750 13343.853268 13164.589221 12990.476912 12821.298822 12656.849355 12496.934398 12341.370121 12189.982672 12042.607186 11899.087504 11759.275383 11623.030096 11490.218028 11360.712080 11234.391408 11111.140933 10990.851081 10873.417325 10758.740585 10646.725440 10537.281285 10430.321647 10325.763882 10223.528423 10123.540106 10025.726403 9930.017931 9836.348334 9744.653934 9654.873768 9566.949261 9480.824309 9396.444963 9313.759486 9232.718093 9153.273021 9075.378263 8998.989602 8924.064487 8850.561985 8778.442606 8707.668413 8638.202684 8570.010330 8503.057094 8437.309909 8372.738167 8309.310223 8246.996870 8185.769650 8125.601036 8066.464281 8008.333775 7951.184600 7894.992804 7839.735052 7785.388565 7731.931532 7679.343720 7627.603676 7576.691945 7526.589298 7477.277140 7428.737486 7380.952795 7333.906125 7287.580975 7241.961543 7197.031982 7152.777594 7109.183624 7066.235894 7023.920656 6982.224487 6941.134382 6900.637669 6860.722356 6821.375672 6782.586759 6744.344076 6706.636580 6669.453601 6632.784681 6596.619675 6560.948727 6525.762180 6491.050666 6456.805095 6423.016525 6389.676353 6356.775966 6324.307301 6292.262275 6260.633014 6229.411937 6198.591563 6168.164658 6138.124091 6108.462978 6079.174449 6050.252173 6021.689482 5993.480137 5965.618041 5938.097166 5910.911711 5884.055877 5857.524143 5831.310996 5805.411143 5779.819341 5754.530503 5729.539648 5704.841819 5680.432367 5656.306520 5632.459824 5608.887721 5585.585912 5562.550052 5539.776019 5517.259676 5494.997054 5472.984208 5451.217307 5429.692571 5408.406324 5387.354972 5366.534972 5345.942865 5325.575242 5305.428810 5285.500459 5265.786512 5246.284310 5226.990665 5207.902545 5189.017017 5170.331171 5151.842185 5133.547292 5115.443708 5097.528920 5079.800141 5062.254892 5044.890545 5027.704740 5010.694995 4993.858925 4977.194218 4960.698556 4944.369694 4928.205405 4912.203597 4896.361956 4880.678525 4865.151232 4849.778034 4834.556988 4819.486109 4804.563494 4789.787254 4775.155538 4760.666559 4746.318529 4732.109652 4718.038247 4704.102604 4690.301085 4676.632053 4663.093847 4649.684898 4636.403763 4623.248799 4610.218546 4597.311500 4584.526175 4571.861313 4559.315343 4546.886945 4534.574723 4522.377374 4510.293583 4498.322054 4486.461520 4474.710687 4463.068366 4451.533343 4440.104419 4428.780433 4417.560163 4406.442540 4395.426440 4384.510742 4373.694376 4362.976239 4352.355313 4341.830537 4331.400953 4321.065491 4310.823175 4300.673043 4290.614132 4280.645421 4270.766246 4260.975391 4251.272074 4241.655392 4232.124461 4222.678510 4213.316559 4204.037835 4194.841498 4185.726754 4176.692785 4167.738814 4158.864026 4150.067707 4141.349082 4132.707398 4124.141933 4115.651718 4107.236814 4098.895615 4090.627892 4082.432861 4074.309836 4066.258183 4058.277256 4050.366365 4042.524943 4034.752314 4027.047842 4019.410953 4011.841058 4004.337506 3996.899799 3989.527309 3982.219432 3974.975649 3967.795434 3960.678156 3953.623409 3946.630542 3939.699088 3932.828514 3926.018306 3919.267972 3912.577019 3905.944941 3899.371288 3892.855559 3886.397276 3879.995992 3873.651187 3867.362603 3861.129638 3854.951781 3848.828713 3842.760045 3836.745300 3830.784014 3824.875822 3819.020348 3813.217155 3807.465851 3801.766050 3796.116771 3790.519432 3784.971855 3779.474285 3774.026338 3768.627652 3763.277903 3757.976717 3752.723739 3747.518643 3742.361109 3737.250740 3732.187275 3727.170368 3722.199690 3717.274927 3712.395785 3707.561939 3702.773080 3698.028931 3693.329174 3688.673524 3684.061693 3679.493410 3674.968409 3670.486313 3666.046967 3661.650044 3657.295289 3652.982444 3648.711239 3644.481422 3640.292739 3636.144952 3632.037787 3627.971030 3623.944413 3619.957739 3616.010738 3612.103185 3608.234874 3604.405547 3600.615006 3596.863028 3593.149388 3589.473885 3585.836291 3582.236429 3578.674010 3575.149011 3571.661062 3568.210016 3564.795714 3561.417894 3558.076428 3554.771112 3551.501754 3548.268194 3545.070221 3541.907691 3538.780405 3535.688187 3532.630915 3529.608370 3526.620409 3523.666865 3520.747576 3517.862392 3515.011148 3511.993873 3509.409655 3506.659554 3503.942595 3501.258801 3498.608088 3495.990271 3493.405243 3490.852846 3488.332959 3485.845440 3483.390165 3480.966997 3478.575827 3476.216507 3473.888931 3471.592969 3469.328531 3467.095408 3464.893606 3462.722939 3460.583315 3458.474622 3456.396740 3454.349583 3452.333032 3450.346990 3448.391372 3446.466026 3444.570903 3442.705902 3440.870906 3439.065844 3437.290616 3435.545170 3433.829306 3432.143048 3430.486287 3428.858916 3427.260869 3425.692068 3424.152434 3422.641885 3421.160346 3419.707749 3418.284018 3416.889073 3415.522866 3414.185318 3412.876365 3411.595938 3410.343976 3409.120417 3407.925232 3406.758291 3405.619582 3404.509050 3403.426638 3402.372291 3401.345961 3400.347590 3399.377139 3398.434549 3397.519784 3396.632796 3395.773542 3394.941981 3394.138069 3393.361773 3392.613047 3391.891866 3391.198186 3390.531976 3389.893200 3389.281838 3388.697854 3388.141217 3387.611902 3387.109882 3386.635138 3386.187644 3385.767378 3385.374318 3385.008454 3384.669761 3384.358220 3384.073817 3383.816547 3383.586389 3383.383334 3383.207370 3383.058497 3382.936695 3382.841970 3382.774315 3382.733719 1691.360094 
 >
 log_likelihood: -20868025.053921 
 distance: 2019.280883 
 breakpoints: 17 
 thetas: 1000354.867721 499997.961379 
 se_thetas: 117.389220 221.612702 
 residues: 107.570429 -414.382571 -78.345563 674.038979 278.570887 -564.393150 -515.425190 469.212046 -15.683760 236.747560 -128.494262 163.478223 166.004000 -99.121247 76.222881 55.917631 54.744509 -203.920415 -164.209645 72.320993 12.578630 200.005706 -170.909652 28.484194 -105.163946 -243.576552 191.636182 59.347757 -250.794935 164.855606 -112.873117 32.169441 185.571218 51.450088 -45.471368 -236.804421 -176.444107 -126.527564 -310.399799 66.415369 217.238174 1.255643 37.535919 187.044677 -157.343184 26.166805 11.300212 231.716735 52.021963 -104.230895 41.473628 -197.400201 -20.417261 -206.177092 -32.308976 -62.469175 10.661597 -65.619935 -99.037255 -49.332535 3.734983 103.390129 -89.156239 -60.706898 127.923468 -295.091442 -0.588164 191.587130 202.579089 -41.475633 -20.448323 -24.217242 -84.667599 69.309428 18.816644 -14.048376 235.806702 -179.530420 125.023504 12.547461 101.116635 -98.197526 71.673051 75.793165 38.224697 86.025949 11.253613 20.961228 34.199858 -104.981680 73.463932 -92.419153 34.412021 37.998512 -5.620472 31.592742 -62.325831 -25.341523 -33.421196 32.467071 -45.646154 60.268589 59.239509 109.293831 -201.542306 -68.243742 -1.786294 70.853414 -16.302222 43.768576 14.086430 50.671728 54.544164 -49.278800 -65.777816 -51.935805 -5.735968 -67.162042 79.801865 -38.829173 47.959597 61.182273 102.852683 -7.015555 -1.409544 101.682159 170.272829 -52.626240 34.996342 -71.848436 -19.149972 -25.897864 17.917894 35.307086 -26.721048 -81.156929 90.007926 -19.217671 78.174656 0.193015 60.845361 -11.860623 129.082570 23.681849 129.945245 4.878720 -17.510764 -41.216661 -87.232685 45.447366 -93.170512 -32.080508 -28.276891 -105.754126 9.493136 66.470213 105.182148 -58.365867 -115.169169 48.777051 -39.522523 -17.063444 -27.841270 31.148258 34.909377 92.446139 -70.237328 98.862567 63.749902 -12.571662 -15.098541 -68.827154 -13.754100 29.124093 -81.189350 -44.691139 -15.378171 65.752667 -32.295623 11.479899 29.082210 53.513989 -54.221880 -77.122829 -89.186105 -38.409209 10.210471 57.675334 54.987854 3.150353 -30.834822 -32.965414 -50.239176 -33.653938 105.792414 -116.898017 17.276811 11.318925 -86.769747 -165.987451 -2.331728 42.198718 1.605845 56.891462 33.057294 68.105073 28.036464 20.853094 15.556647 58.148511 -26.369565 -56.996172 78.270308 31.431201 66.488005 -7.557869 4.294932 43.047789 22.702025 59.258964 -30.280202 19.086000 -29.641354 -17.461029 4.628196 -35.372553 26.537917 -1.639273 7.097000 42.747828 -20.685744 24.797342 119.198173 -21.482279 4.757005 -111.083020 -52.001385 41.002923 -57.069173 -54.216888 36.560821 31.264792 -19.104070 -67.544867 -63.056955 25.360693 83.708823 41.988281 166.199817 -20.655791 7.422225 5.434612 12.382158 106.265541 -121.914519 92.842688 7.537842 61.171705 54.744868 -11.742002 -0.288230 -41.893193 -85.556218 14.723275 -59.054068 1.112280 -12.777006 23.278641 -8.720215 30.226996 -68.879076 -102.038196 -95.249466 -25.512496 28.173255 57.808317 -25.606908 -15.071766 -4.585834 -66.148610 13.240365 5.581587 -0.124494 -67.877372 -2.676658 27.478119 15.587410 -28.348366 19.671511 87.646545 -63.421778 36.466401 34.311608 8.114255 -14.125300 26.593319 24.270548 83.906680 85.502146 25.057329 -52.427449 -24.951848 1.484551 -26.118011 -95.759128 -1.438424 6.844382 -24.910413 -52.702386 14.468625 73.603075 13.701208 -10.236652 6.789803 -64.219143 -43.263201 -53.342061 -31.455474 32.396867 73.215251 -35.000066 79.751259 44.469267 54.154404 48.807015 -78.572777 -29.984767 -15.428639 10.095908 18.589064 19.051035 -49.517901 50.882488 57.252427 6.592848 29.901850 49.181790 19.432157 57.653190 -24.154896 43.008071 83.142329 -52.751909 -31.674459 22.374858 -63.603686 -39.609975 7.356208 -26.704939 80.206771 -30.908500 -36.050550 -20.219192 -1.414276 20.364399 -31.883003 -39.156312 -33.455375 90.219956 -19.130036 32.494668 -40.905703 -43.331006 -47.781092 -58.255793 44.245034 8.721544 -52.826133 -40.397817 -58.993398 29.387297 -15.255639 30.077978 8.388273 55.675358 50.939405 32.180516 -20.601175 4.594471 34.767566 12.918254 2.046624 -59.847107 21.236972 44.299178 8.339569 -14.641780 -74.644673 -23.669072 -9.714845 -20.781874 102.129923 -7.979310 18.890493 11.739465 -58.432290 -21.624725 34.162319 -12.071087 2.675159 9.401154 -24.893017 92.792748 -122.305097 -8.895302 -38.269470 -9.663112 7.923657 74.490853 -8.961391 23.566972 -24.923952 -11.434101 -34.963386 -101.511735 46.920936 -57.665318 -44.270397 -12.894247 -57.536787 -16.197981 -79.877650 -18.575870 38.707510 -103.027465 -44.780728 -75.552202 -33.341847 70.850415 31.024638 -133.819137 3.319209 22.439678 -11.457666 34.627257 12.694477 61.744058 41.776010 6.790515 48.787496 -3.232970 -42.270803 36.674025 -22.398441 -14.488153 -62.595059 -45.719116 52.139712 -97.018524 -23.193775 76.613977 -50.595216 5.178685 -21.064279 -7.324071 4.399344 55.105965 -30.204088 38.469165 42.125756 -21.234280 -26.610910 45.995895 -53.413829 -41.840064 -102.282768 -30.741924 14.782497 -25.709480 -30.217830 68.257473 -115.283552 -21.840876 59.585512 1.995642 18.389530 24.767202 19.128661 31.473933 -13.196963 -5.884011 3.412803 53.693490 62.958065 25.206542 22.438936 -13.344753 28.855493 26.039688 88.207840 -14.640055 -96.503976 74.616078 32.720116 -11.191867 -7.119851 1.936154 -16.023848 -46.999844 -26.995922 
 fitted_sfs: 917556.429571 424292.382571 263717.345563 185836.961021 140715.429113 111751.393150 91861.425190 77526.787954 66809.683760 58560.252440 52056.494262 46824.521777 42541.996000 38983.121247 35985.777119 33431.082369 31230.255491 29315.920415 27636.209645 26150.679007 24827.421370 23640.994294 22570.909652 21600.515806 20716.163946 19906.576552 19162.363818 18475.652243 17839.794935 17249.144394 16698.873117 16184.830559 15703.428782 15251.549912 14826.471368 14425.804421 14047.444107 13689.527564 13350.399799 13028.584631 12722.761826 12431.744357 12154.464081 11889.955323 11637.343184 11395.833195 11164.699788 10943.283265 10730.978037 10527.230895 10331.526372 10143.400201 9962.417261 9788.177092 9620.308976 9458.469175 9302.338403 9151.619935 9006.037255 8865.332535 8729.265017 8597.609871 8470.156239 8346.706898 8227.076532 8111.091442 7998.588164 7889.412870 7783.420911 7680.475633 7580.448323 7483.217242 7388.667599 7296.690572 7207.183356 7120.048376 7035.193298 6952.530420 6871.976496 6793.452539 6716.883365 6642.197526 6569.326949 6498.206835 6428.775303 6360.974051 6294.746387 6230.038772 6166.800142 6104.981680 6044.536068 5985.419153 5927.587979 5871.001488 5815.620472 5761.407258 5708.325831 5656.341523 5605.421196 5555.532929 5506.646154 5458.731411 5411.760491 5365.706169 5320.542306 5276.243742 5232.786294 5190.146586 5148.302222 5107.231424 5066.913570 5027.328272 4988.455836 4950.278800 4912.777816 4875.935805 4839.735968 4804.162042 4769.198135 4734.829173 4701.040403 4667.817727 4635.147317 4603.015555 4571.409544 4540.317841 4509.727171 4479.626240 4450.003658 4420.848436 4392.149972 4363.897864 4336.082106 4308.692914 4281.721048 4255.156929 4228.992074 4203.217671 4177.825344 4152.806985 4128.154639 4103.860623 4079.917430 4056.318151 4033.054755 4010.121280 3987.510764 3965.216661 3943.232685 3921.552634 3900.170512 3879.080508 3858.276891 3837.754126 3817.506864 3797.529787 3777.817852 3758.365867 3739.169169 3720.222949 3701.522523 3683.063444 3664.841270 3646.851742 3629.090623 3611.553861 3594.237328 3577.137433 3560.250098 3543.571662 3527.098541 3510.827154 3494.754100 3478.875907 3463.189350 3447.691139 3432.378171 3417.247333 3402.295623 3387.520101 3372.917790 3358.486011 3344.221880 3330.122829 3316.186105 3302.409209 3288.789529 3275.324666 3262.012146 3248.849647 3235.834822 3222.965414 3210.239176 3197.653938 3185.207586 3172.898017 3160.723189 3148.681075 3136.769747 3124.987451 3113.331728 3101.801282 3090.394155 3079.108538 3067.942706 3056.894927 3045.963536 3035.146906 3024.443353 3013.851489 3003.369565 2992.996172 2982.729692 2972.568799 2962.511995 2952.557869 2942.705068 2932.952211 2923.297975 2913.741036 2904.280202 2894.914000 2885.641354 2876.461029 2867.371804 2858.372553 2849.462083 2840.639273 2831.903000 2823.252172 2814.685744 2806.202658 2797.801827 2789.482279 2781.242995 2773.083020 2765.001385 2756.997077 2749.069173 2741.216888 2733.439179 2725.735208 2718.104070 2710.544867 2703.056955 2695.639307 2688.291177 2681.011719 2673.800183 2666.655791 2659.577775 2652.565388 2645.617842 2638.734459 2631.914519 2625.157312 2618.462158 2611.828295 2605.255132 2598.742002 2592.288230 2585.893193 2579.556218 2573.276725 2567.054068 2560.887720 2554.777006 2548.721359 2542.720215 2536.773004 2530.879076 2525.038196 2519.249466 2513.512496 2507.826745 2502.191683 2496.606908 2491.071766 2485.585834 2480.148610 2474.759635 2469.418413 2464.124494 2458.877372 2453.676658 2448.521881 2443.412590 2438.348366 2433.328489 2428.353455 2423.421778 2418.533599 2413.688392 2408.885745 2404.125300 2399.406681 2394.729452 2390.093320 2385.497854 2380.942671 2376.427449 2371.951848 2367.515449 2363.118011 2358.759128 2354.438424 2350.155618 2345.910413 2341.702386 2337.531375 2333.396925 2329.298792 2325.236652 2321.210197 2317.219143 2313.263201 2309.342061 2305.455474 2301.603133 2297.784749 2294.000066 2290.248741 2286.530733 2282.845596 2279.192985 2275.572777 2271.984767 2268.428639 2264.904092 2261.410936 2257.948965 2254.517901 2251.117512 2247.747573 2244.407152 2241.098150 2237.818210 2234.567843 2231.346810 2228.154896 2224.991929 2221.857671 2218.751909 2215.674459 2212.625142 2209.603686 2206.609975 2203.643792 2200.704939 2197.793229 2194.908500 2192.050550 2189.219192 2186.414276 2183.635601 2180.883003 2178.156312 2175.455375 2172.780044 2170.130036 2167.505332 2164.905703 2162.331006 2159.781092 2157.255793 2154.754966 2152.278456 2149.826133 2147.397817 2144.993398 2142.612703 2140.255639 2137.922022 2135.611727 2133.324642 2131.060595 2128.819484 2126.601175 2124.405529 2122.232434 2120.081746 2117.953376 2115.847107 2113.763028 2111.700822 2109.660431 2107.641780 2105.644673 2103.669072 2101.714845 2099.781874 2097.870077 2095.979310 2094.109507 2092.260535 2090.432290 2088.624725 2086.837681 2085.071087 2083.324841 2081.598846 2079.893017 2078.207252 2076.305097 2074.895302 2073.269470 2071.663112 2070.076343 2068.509147 2066.961391 2065.433028 2063.923952 2062.434101 2060.963386 2059.511735 2058.079064 2056.665318 2055.270397 2053.894247 2052.536787 2051.197981 2049.877650 2048.575870 2047.292490 2046.027465 2044.780728 2043.552202 2042.341847 2041.149585 2039.975362 2038.819137 2037.680791 2036.560322 2035.457666 2034.372743 2033.305523 2032.255942 2031.223990 2030.209485 2029.212504 2028.232970 2027.270803 2026.325975 2025.398441 2024.488153 2023.595059 2022.719116 2021.860288 2021.018524 2020.193775 2019.386023 2018.595216 2017.821315 2017.064279 2016.324071 2015.600656 2014.894035 2014.204088 2013.530835 2012.874244 2012.234280 2011.610910 2011.004105 2010.413829 2009.840064 2009.282768 2008.741924 2008.217503 2007.709480 2007.217830 2006.742527 2006.283552 2005.840876 2005.414488 2005.004358 2004.610470 2004.232798 2003.871339 2003.526067 2003.196963 2002.884011 2002.587197 2002.306510 2002.041935 2001.793458 2001.561064 2001.344753 2001.144507 2000.960312 2000.792160 2000.640055 2000.503976 2000.383922 2000.279884 2000.191867 2000.119851 2000.063846 2000.023848 1999.999844 999.995922 
 >
 log_likelihood: -20868024.987806 
 distance: 2018.766019 
 breakpoints: 17 19 
 thetas: 1000296.678819 500794.459152 499842.643530 
 se_thetas: 164.787761 1597.271775 379.906426 
 residues: 119.535517 -424.508425 -92.149564 660.559868 266.628383 -574.455611 -523.592516 462.822196 -20.464681 233.393298 -130.600415 162.453388 165.908767 -98.422625 77.595225 57.858202 57.161196 -201.107672 -161.070180 75.727326 16.200309 203.798497 -166.983626 32.511107 -101.063694 -239.426353 195.816530 63.541560 -246.601696 169.036566 -108.714169 36.298344 189.663502 55.500423 -41.467241 -232.849855 -172.541680 -122.679198 -306.606858 70.151988 220.917971 4.878447 41.101835 190.554039 -153.889853 29.564778 14.643628 235.006489 55.259031 -101.045480 44.608466 -194.314831 -17.380233 -203.187268 -29.365216 -59.570343 13.516628 -62.807590 -96.266499 -46.602289 6.425775 106.042500 -86.541280 -58.128368 130.466525 -292.582926 1.886715 194.029250 204.989302 -39.096502 -18.099473 -21.897899 -82.377013 71.571985 21.051874 -11.839793 237.989299 -177.373174 127.156016 14.655836 103.201450 -96.135713 73.712404 77.810580 40.220680 88.000991 13.208188 22.895797 36.114866 -103.085802 75.341098 -90.560293 36.252966 39.821924 -3.814224 33.382184 -60.552847 -23.584660 -31.680127 34.192664 -43.935728 61.964147 60.920491 110.960520 -199.889635 -66.604822 -0.160865 72.465605 -14.703022 45.355024 15.660359 52.233366 56.093731 -47.741088 -64.251751 -50.421182 -4.232587 -65.669709 81.283339 -37.358374 49.419902 62.632260 104.292522 -5.585697 0.010498 103.092543 171.673711 -51.234708 36.378673 -70.475161 -17.785612 -24.542279 19.264839 36.645522 -25.390989 -79.835122 91.321605 -17.911998 79.472442 1.483029 62.127717 -10.585813 130.349942 24.941890 131.198060 6.124412 -16.272096 -39.984918 -86.007772 46.665545 -91.958975 -30.875523 -27.078368 -104.561978 10.678995 67.649866 106.355678 -57.198380 -114.007645 49.932690 -38.372693 -15.919348 -26.702835 32.281105 36.036706 93.568021 -69.120825 99.973758 64.855847 -11.470898 -14.002894 -67.736561 -12.668501 30.204760 -80.113555 -43.620158 -14.311948 66.814190 -31.238744 12.532188 30.129963 54.557259 -53.183041 -76.088370 -88.155975 -37.383359 11.232090 58.692771 56.001156 4.159566 -29.829652 -31.964242 -49.241957 -32.660629 106.781858 -115.912397 18.258648 12.297022 -85.795350 -165.016715 -1.364612 43.162252 2.565836 57.847947 34.010310 69.054658 28.982653 21.795923 16.496151 59.084725 -25.436607 -56.066436 79.196854 32.354590 67.408271 -6.640695 5.209045 43.958873 23.610109 60.164080 -29.378026 19.985268 -28.744967 -16.567494 5.518907 -34.484637 27.423066 -0.756865 7.976693 43.624834 -19.811399 25.669052 120.067274 -20.615763 5.620962 -110.221598 -51.142474 41.859349 -56.215211 -53.365365 37.409928 32.111506 -18.259727 -66.702872 -62.217285 26.198058 84.543906 42.821102 167.030398 -19.827429 8.248389 6.258596 13.203985 107.085230 -121.096949 93.658159 8.351233 61.983035 55.554156 -10.934737 0.517031 -41.089919 -84.754913 15.522630 -58.256646 1.907787 -11.983398 24.070368 -7.930352 31.015011 -68.092892 -101.253826 -94.466894 -24.731706 28.952279 58.585591 -24.831370 -14.297947 -3.813719 -65.378184 14.009117 6.348679 0.640954 -67.113554 -1.914455 28.238721 16.346424 -27.590925 20.427393 88.400882 -62.668974 37.217687 35.061389 8.862544 -13.378490 27.338664 25.014439 84.649132 86.243169 25.796938 -51.689243 -24.215032 2.219988 -25.383939 -95.026410 -0.707049 7.574427 -24.181686 -51.974966 15.194748 74.327914 14.424774 -9.514348 7.510856 -63.499329 -42.544615 -52.624694 -30.739315 33.111830 73.929028 -34.287465 80.462695 45.179548 54.863541 49.515017 -77.865900 -29.279005 -14.723982 10.799471 19.291542 19.752438 -48.817564 51.581769 57.950660 7.290044 30.598018 49.876939 20.126296 58.346329 -23.462749 43.699236 83.832520 -52.062682 -30.986189 23.062181 -62.917301 -38.924521 8.040741 -26.021319 80.889487 -30.226680 -35.369618 -19.539139 -0.735095 21.042717 -31.205541 -38.479696 -32.779598 90.894902 -18.455914 33.167975 -40.233204 -42.659306 -47.110184 -57.585670 44.914381 9.390122 -52.158317 -39.730755 -58.327083 30.052872 -14.590796 30.742095 9.051673 56.338047 51.601391 32.841806 -19.940574 5.254390 35.426810 13.576830 2.704538 -59.189847 21.893585 44.955150 8.994908 -13.987069 -73.990582 -23.015594 -9.061975 -20.129604 102.781599 -7.328221 19.541001 12.389398 -57.782924 -20.975921 34.810568 -11.423387 3.322317 10.047776 -24.246925 93.438316 -121.660060 -8.250763 -37.625435 -9.019577 8.566699 75.133408 -8.319317 24.208572 -24.282821 -10.793433 -34.323174 -100.871975 47.560252 -57.026442 -43.631954 -12.256231 -56.899193 -15.560803 -79.240882 -17.939507 39.343475 -102.391893 -44.145543 -74.917399 -32.707420 71.484471 31.658329 -133.185805 3.952188 23.072309 -10.825377 35.259209 13.326096 62.375352 42.406983 7.421173 49.417844 -2.602925 -41.641058 37.303477 -21.769277 -13.859272 -61.966455 -45.090785 52.767777 -96.390721 -22.566228 77.241273 -49.968165 5.805495 -20.437704 -6.697726 5.025464 55.731866 -29.578401 39.094642 42.751029 -20.609205 -25.986029 46.620587 -52.789320 -41.215733 -101.658610 -30.117934 15.406324 -25.085811 -29.594314 68.880842 -114.660326 -21.217788 60.208468 2.618470 19.012236 25.389791 19.751137 32.096302 -12.574696 -5.261842 4.034880 54.315480 63.579974 25.828373 23.060695 -12.723062 29.477123 26.661260 88.829360 -14.018582 -95.882546 75.237471 33.341477 -10.570534 -6.498540 2.557448 -15.402567 -46.378570 -26.685286 
 fitted_sfs: 917544.464483 424302.508425 263731.149564 185850.440132 140727.371617 111761.455611 91869.592516 77533.177804 66814.464681 58563.606702 52058.600415 46825.546612 42542.091233 38982.422625 35984.404775 33429.141798 31227.838804 29313.107672 27633.070180 26147.272674 24823.799691 23637.201503 22566.983626 21596.488893 20712.063694 19902.426353 19158.183470 18471.458440 17835.601696 17244.963434 16694.714169 16180.701656 15699.336498 15247.499577 14822.467241 14421.849855 14043.541680 13685.679198 13346.606858 13024.848012 12719.082029 12428.121553 12150.898165 11886.445961 11633.889853 11392.435222 11161.356372 10939.993511 10727.740969 10524.045480 10328.391534 10140.314831 9959.380233 9785.187268 9617.365216 9455.570343 9299.483372 9148.807590 9003.266499 8862.602289 8726.574225 8594.957500 8467.541280 8344.128368 8224.533475 8108.582926 7996.113285 7886.970750 7781.010698 7678.096502 7578.099473 7480.897899 7386.377013 7294.428015 7204.948126 7117.839793 7033.010701 6950.373174 6869.843984 6791.344164 6714.798550 6640.135713 6567.287596 6496.189420 6426.779320 6358.999009 6292.791812 6228.104203 6164.885134 6103.085802 6042.658902 5983.560293 5925.747034 5869.178076 5813.814224 5759.617816 5706.552847 5654.584660 5603.680127 5553.807336 5504.935728 5457.035853 5410.079509 5364.039480 5318.889635 5274.604822 5231.160865 5188.534395 5146.703022 5105.644976 5065.339641 5025.766634 4986.906269 4948.741088 4911.251751 4874.421182 4838.232587 4802.669709 4767.716661 4733.358374 4699.580098 4666.367740 4633.707478 4601.585697 4569.989502 4538.907457 4508.326289 4478.234708 4448.621327 4419.475161 4390.785612 4362.542279 4334.735161 4307.354478 4280.390989 4253.835122 4227.678395 4201.911998 4176.527558 4151.516971 4126.872283 4102.585813 4078.650058 4055.058110 4031.801940 4008.875588 3986.272096 3963.984918 3942.007772 3920.334455 3898.958975 3877.875523 3857.078368 3836.561978 3816.321005 3796.350134 3776.644322 3757.198380 3738.007645 3719.067310 3700.372693 3681.919348 3663.702835 3645.718895 3627.963294 3610.431979 3593.120825 3576.026242 3559.144153 3542.470898 3526.002894 3509.736561 3493.668501 3477.795240 3462.113555 3446.620158 3431.311948 3416.185810 3401.238744 3386.467812 3371.870037 3357.442741 3343.183041 3329.088370 3315.155975 3301.383359 3287.767910 3274.307229 3260.998844 3247.840434 3234.829652 3221.964242 3209.241957 3196.660629 3184.218142 3171.912397 3159.741352 3147.702978 3135.795350 3124.016715 3112.364612 3100.837748 3089.434164 3078.152053 3066.989690 3055.945342 3045.017347 3034.204077 3023.503849 3012.915275 3002.436607 2992.066436 2981.803146 2971.645410 2961.591729 2951.640695 2941.790955 2932.041127 2922.389891 2912.835920 2903.378026 2894.014732 2884.744967 2875.567494 2866.481093 2857.484637 2848.576934 2839.756865 2831.023307 2822.375166 2813.811399 2805.330948 2796.932726 2788.615763 2780.379038 2772.221598 2764.142474 2756.140651 2748.215211 2740.365365 2732.590072 2724.888494 2717.259727 2709.702872 2702.217285 2694.801942 2687.456094 2680.178898 2672.969602 2665.827429 2658.751611 2651.741404 2644.796015 2637.914770 2631.096949 2624.341841 2617.648767 2611.016965 2604.445844 2597.934737 2591.482969 2585.089919 2578.754913 2572.477370 2566.256646 2560.092213 2553.983398 2547.929632 2541.930352 2535.984989 2530.092892 2524.253826 2518.466894 2512.731706 2507.047721 2501.414409 2495.831370 2490.297947 2484.813719 2479.378184 2473.990883 2468.651321 2463.359046 2458.113554 2452.914455 2447.761279 2442.653576 2437.590925 2432.572607 2427.599118 2422.668974 2417.782313 2412.938611 2408.137456 2403.378490 2398.661336 2393.985561 2389.350868 2384.756831 2380.203062 2375.689243 2371.215032 2366.780012 2362.383939 2358.026410 2353.707049 2349.425573 2345.181686 2340.974966 2336.805252 2332.672086 2328.575226 2324.514348 2320.489144 2316.499329 2312.544615 2308.624694 2304.739315 2300.888170 2297.070972 2293.287465 2289.537305 2285.820452 2282.136459 2278.484983 2274.865900 2271.279005 2267.723982 2264.200529 2260.708458 2257.247562 2253.817564 2250.418231 2247.049340 2243.709956 2240.401982 2237.123061 2233.873704 2230.653671 2227.462749 2224.300764 2221.167480 2218.062682 2214.986189 2211.937819 2208.917301 2205.924521 2202.959259 2200.021319 2197.110513 2194.226680 2191.369618 2188.539139 2185.735095 2182.957283 2180.205541 2177.479696 2174.779598 2172.105098 2169.455914 2166.832025 2164.233204 2161.659306 2159.110184 2156.585670 2154.085619 2151.609878 2149.158317 2146.730755 2144.327083 2141.947128 2139.590796 2137.257905 2134.948327 2132.661953 2130.398609 2128.158194 2125.940574 2123.745610 2121.573190 2119.423170 2117.295462 2115.189847 2113.106415 2111.044850 2109.005092 2106.987069 2104.990582 2103.015594 2101.061975 2099.129604 2097.218401 2095.328221 2093.458999 2091.610602 2089.782924 2087.975921 2086.189432 2084.423387 2082.677683 2080.952224 2079.246925 2077.561684 2075.660060 2074.250763 2072.625435 2071.019577 2069.433301 2067.866592 2066.319317 2064.791428 2063.282821 2061.793433 2060.323174 2058.871975 2057.439748 2056.026442 2054.631954 2053.256231 2051.899193 2050.560803 2049.240882 2047.939507 2046.656525 2045.391893 2044.145543 2042.917399 2041.707420 2040.515529 2039.341671 2038.185805 2037.047812 2035.927691 2034.825377 2033.740791 2032.673904 2031.624648 2030.593017 2029.578827 2028.582156 2027.602925 2026.641058 2025.696523 2024.769277 2023.859272 2022.966455 2022.090785 2021.232223 2020.390721 2019.566228 2018.758727 2017.968165 2017.194505 2016.437704 2015.697726 2014.974536 2014.268134 2013.578401 2012.905358 2012.248971 2011.609205 2010.986029 2010.379413 2009.789320 2009.215733 2008.658610 2008.117934 2007.593676 2007.085811 2006.594314 2006.119158 2005.660326 2005.217788 2004.791532 2004.381530 2003.987764 2003.610209 2003.248863 2002.903698 2002.574696 2002.261842 2001.965120 2001.684520 2001.420026 2001.171627 2000.939305 2000.723062 2000.522877 2000.338740 2000.170640 2000.018582 1999.882546 1999.762529 1999.658523 1999.570534 1999.498540 1999.442552 1999.402567 1999.378570 999.685286 
 >
 log_likelihood: -20868024.641777 
 distance: 2007.751953 
 breakpoints: 16 18 19 
 thetas: 1001251.878423 823516.497969 341606.752332 500200.556517 
 se_thetas: 252.647986 6056.113030 13163.694236 462.989100 
 residues: 56.682565 -295.273149 -5.687553 686.625322 245.971919 -624.739170 -589.016770 393.091541 -87.016250 174.791052 -178.553157 126.339487 141.764516 -111.173353 75.220509 64.596168 71.643003 -180.258773 -135.173656 105.450291 48.650089 238.007585 -131.848949 67.867110 -66.069339 -205.265760 228.770567 95.003714 -216.840890 196.951413 -82.735222 60.296879 211.674289 75.546026 -23.340691 -216.578107 -158.047001 -109.874281 -295.398076 79.861901 229.227743 11.886526 46.905013 195.246395 -150.217744 32.303139 16.530278 236.118764 55.669450 -101.269235 43.813443 -195.622885 -19.147585 -205.364500 -31.907010 -62.435255 10.366403 -66.208726 -99.887310 -50.414478 2.447792 101.921805 -90.783901 -62.474236 126.034168 -297.086773 -2.675218 189.421185 200.345741 -43.766112 -22.786763 -26.595467 -87.078335 66.872647 16.359552 -16.520700 233.323635 -182.020270 122.530355 10.054075 98.625692 -100.683685 69.193715 73.322421 35.764071 83.576758 8.816978 18.538107 31.791056 -107.375491 71.085670 -94.781413 32.066124 35.669261 -7.932867 29.297352 -64.604119 -27.602661 -35.665178 30.240217 -47.855940 58.075786 57.063581 107.134648 -203.684888 -70.369883 -3.896163 68.759636 -18.380096 41.706410 12.039774 48.640379 52.527916 -51.280155 -67.764487 -53.908000 -7.693896 -69.105910 77.871850 -40.745541 46.056673 59.292593 100.976047 -8.879344 -3.260677 99.843489 168.446435 -54.440542 33.193950 -73.639097 -20.929078 -27.665586 16.161385 33.561624 -28.455626 -82.880783 88.294639 -20.920545 76.482043 -1.489485 59.172829 -13.523330 127.429547 22.038373 128.311182 3.253939 -19.126394 -42.823266 -88.830391 43.858438 -94.750783 -33.652239 -29.840197 -107.309121 7.946342 64.931510 103.651429 -59.888707 -116.684233 47.269662 -41.022336 -18.555779 -29.326224 29.670592 33.438907 90.982774 -71.693677 97.413145 62.307322 -14.007484 -16.527689 -70.249709 -15.170144 27.714483 -82.592604 -46.088113 -16.768942 64.368028 -33.674204 10.107304 27.715532 52.153158 -55.576931 -78.472167 -90.529797 -39.747318 8.877880 56.348199 53.666114 1.833946 -32.145956 -34.271333 -51.539938 -34.949601 104.501794 -118.183649 15.996112 10.043105 -88.040741 -167.253671 -3.593225 40.941893 0.353643 55.643832 31.814188 66.866444 26.802264 19.623277 14.331167 56.927323 -27.586506 -58.208910 77.061730 30.226740 65.287619 -8.754221 3.102572 41.859381 21.517528 58.078340 -31.456993 17.913005 -30.810593 -18.626548 3.466360 -36.530742 25.383338 -2.790277 5.949535 41.603869 -21.826232 23.660291 118.064526 -22.612555 3.630068 -112.206651 -53.121742 39.885810 -58.183074 -55.327607 35.453254 30.160346 -20.205424 -68.643158 -64.152212 24.268442 82.619549 40.901957 165.116414 -21.736299 6.344586 4.359813 11.310175 105.196347 -122.980950 91.778995 6.476862 60.113413 53.689239 -12.794991 -1.338604 -42.940977 -86.601434 13.680604 -60.094217 0.074629 -13.812181 22.245920 -9.750505 29.199116 -69.904568 -103.061321 -96.270246 -26.530951 27.157104 56.794450 -26.618513 -16.081128 -5.592973 -67.153546 12.237613 4.580998 -1.122937 -68.873690 -3.670868 26.485998 14.597359 -29.336365 18.685546 86.662596 -64.403729 35.486431 33.333601 7.138194 -15.099432 25.621099 23.300223 82.938234 84.535561 24.092590 -53.390358 -25.912944 0.525252 -27.075527 -96.714878 -2.392424 5.892118 -25.860957 -53.651225 13.521476 72.657602 12.757395 -11.178819 5.849267 -65.158062 -44.200516 -54.277787 -32.389626 31.464276 72.284207 -35.929576 78.823269 43.542783 53.229414 47.883505 -79.494821 -30.905357 -16.347788 9.178188 17.672759 18.136132 -50.431413 49.970354 56.341657 5.683433 28.993776 48.275044 18.526728 56.749066 -25.057727 42.106523 82.242051 -53.650929 -32.572232 21.478320 -64.498999 -40.504076 6.463309 -27.596647 79.316243 -31.797859 -36.938751 -21.106246 -2.300194 19.479607 -32.766680 -40.038883 -34.336852 89.339563 -20.009356 31.616413 -41.782906 -44.207165 -48.656217 -59.129896 43.371945 7.849458 -53.697225 -41.267925 -59.862532 28.519128 -16.122853 29.211709 7.522940 54.810952 50.075917 31.317936 -21.462857 3.733679 33.907655 12.059214 1.188446 -60.704431 20.380492 43.443534 7.484752 -15.495779 -75.497863 -24.521461 -10.566443 -21.632688 101.279883 -8.828583 18.041977 10.891697 -59.279316 -22.471019 33.316749 -12.915941 1.831013 8.557707 -25.735773 91.950675 -123.146283 -9.736033 -39.109542 -10.502533 7.084878 73.652709 -9.798907 22.730075 -25.760238 -12.269783 -35.798471 -102.346233 46.087019 -58.498662 -45.103175 -13.726468 -58.368459 -17.029110 -80.708244 -19.405937 37.877964 -103.856498 -45.609256 -76.380232 -34.169388 70.023357 30.198056 -134.645250 2.493557 21.614481 -12.282417 33.802946 11.870598 60.920605 40.952974 5.967891 47.965275 -4.054793 -43.092237 35.852974 -23.219116 -15.308459 -63.415003 -46.538706 51.320471 -97.837425 -24.012341 75.795738 -51.413134 4.361080 -21.881577 -8.141069 3.582639 54.289546 -31.020227 37.653298 41.310156 -22.049621 -27.425999 45.181052 -54.228432 -42.654435 -103.096913 -31.555850 13.968784 -26.522988 -31.031139 67.444357 -116.096482 -22.653626 58.772935 1.183230 17.577278 23.955103 18.316708 30.662120 -14.008642 -6.695564 2.601371 52.882171 62.146854 24.395431 21.627919 -14.155682 28.044645 25.228915 87.397135 -15.450698 -97.314564 73.805538 31.909619 -12.002329 -7.930283 1.125744 -16.834241 -47.810228 -27.401112 
 fitted_sfs: 917607.317435 424173.273149 263644.687553 185824.374678 140748.028081 111811.739170 91935.016770 77602.908459 66881.016250 58622.208948 52106.553157 46861.660513 42566.235484 38995.173353 35986.779491 33422.403832 31213.356997 29292.258773 27607.173656 26117.549709 24791.349911 23602.992415 22531.848949 21561.132890 20677.069339 19868.265760 19125.229433 18439.996286 17805.840890 17217.048587 16668.735222 16156.703121 15677.325711 15227.453974 14804.340691 14405.578107 14029.047001 13672.874281 13335.398076 13015.138099 12710.772257 12421.113474 12145.094987 11881.753605 11630.217744 11389.696861 11159.469722 10938.881236 10727.330550 10524.269235 10329.186557 10141.622885 9961.147585 9787.364500 9619.907010 9458.435255 9302.633597 9152.208726 9006.887310 8866.414478 8730.552208 8599.078195 8471.783901 8348.474236 8228.965832 8113.086773 8000.675218 7891.578815 7785.654259 7682.766112 7582.786763 7485.595467 7391.078335 7299.127353 7209.640448 7122.520700 7037.676365 6955.020270 6874.469645 6795.945925 6719.374308 6644.683685 6571.806285 6500.677579 6431.235929 6363.423242 6297.183022 6232.461893 6169.208944 6107.375491 6046.914330 5987.781413 5929.933876 5873.330739 5817.932867 5763.702648 5710.604119 5658.602661 5607.665178 5557.759783 5508.855940 5460.924214 5413.936419 5367.865352 5322.684888 5278.369883 5234.896163 5192.240364 5150.380096 5109.293590 5068.960226 5029.359621 4990.472084 4952.280155 4914.764487 4877.908000 4841.693896 4806.105910 4771.128150 4736.745541 4702.943327 4669.707407 4637.023953 4604.879344 4573.260677 4542.156511 4511.553565 4481.440542 4451.806050 4422.639097 4393.929078 4365.665586 4337.838615 4310.438376 4283.455626 4256.880783 4230.705361 4204.920545 4179.517957 4154.489485 4129.827171 4105.523330 4081.570453 4057.961627 4034.688818 4011.746061 3989.126394 3966.823266 3944.830391 3923.141562 3901.750783 3880.652239 3859.840197 3839.309121 3819.053658 3799.068490 3779.348571 3759.888707 3740.684233 3721.730338 3703.022336 3684.555779 3666.326224 3648.329408 3630.561093 3613.017226 3595.693677 3578.586855 3561.692678 3545.007484 3528.527689 3512.249709 3496.170144 3480.285517 3464.592604 3449.088113 3433.768942 3418.631972 3403.674204 3388.892696 3374.284468 3359.846842 3345.576931 3331.472167 3317.529797 3303.747318 3290.122120 3276.651801 3263.333886 3250.166054 3237.145956 3224.271333 3211.539938 3198.949601 3186.498206 3174.183649 3162.003888 3149.956895 3138.040741 3126.253671 3114.593225 3103.058107 3091.646357 3080.356168 3069.185812 3058.133556 3047.197736 3036.376723 3025.668833 3015.072677 3004.586506 2994.208910 2983.938270 2973.773260 2963.712381 2953.754221 2943.897428 2934.140619 2924.482472 2914.921660 2905.456993 2896.086995 2886.810593 2877.626548 2868.533640 2859.530742 2850.616662 2841.790277 2833.050465 2824.396131 2815.826232 2807.339709 2798.935474 2790.612555 2782.369932 2774.206651 2766.121742 2758.114190 2750.183074 2742.327607 2734.546746 2726.839654 2719.205424 2711.643158 2704.152212 2696.731558 2689.380451 2682.098043 2674.883586 2667.736299 2660.655414 2653.640187 2646.689825 2639.803653 2632.980950 2626.221005 2619.523138 2612.886587 2606.310761 2599.794991 2593.338604 2586.940977 2580.601434 2574.319396 2568.094217 2561.925371 2555.812181 2549.754080 2543.750505 2537.800884 2531.904568 2526.061321 2520.270246 2514.530951 2508.842896 2503.205550 2497.618513 2492.081128 2486.592973 2481.153546 2475.762387 2470.419002 2465.122937 2459.873690 2454.670868 2449.514002 2444.402641 2439.336365 2434.314454 2429.337404 2424.403729 2419.513569 2414.666399 2409.861806 2405.099432 2400.378901 2395.699777 2391.061766 2386.464439 2381.907410 2377.390358 2372.912944 2368.474748 2364.075527 2359.714878 2355.392424 2351.107882 2346.860957 2342.651225 2338.478524 2334.342398 2330.242605 2326.178819 2322.150733 2318.158062 2314.200516 2310.277787 2306.389626 2302.535724 2298.715793 2294.929576 2291.176731 2287.457217 2283.770586 2280.116495 2276.494821 2272.905357 2269.347788 2265.821812 2262.327241 2258.863868 2255.431413 2252.029646 2248.658343 2245.316567 2242.006224 2238.724956 2235.473272 2232.250934 2229.057727 2225.893477 2222.757949 2219.650929 2216.572232 2213.521680 2210.498999 2207.504076 2204.536691 2201.596647 2198.683757 2195.797859 2192.938751 2190.106246 2187.300194 2184.520393 2181.766680 2179.038883 2176.336852 2173.660437 2171.009356 2168.383587 2165.782906 2163.207165 2160.656217 2158.129896 2155.628055 2153.150542 2150.697225 2148.267925 2145.862532 2143.480872 2141.122853 2138.788291 2136.477060 2134.189048 2131.924083 2129.682064 2127.462857 2125.266321 2123.092345 2120.940786 2118.811554 2116.704431 2114.619508 2112.556466 2110.515248 2108.495779 2106.497863 2104.521461 2102.566443 2100.632688 2098.720117 2096.828583 2094.958023 2093.108303 2091.279316 2089.471019 2087.683251 2085.915941 2084.168987 2082.442293 2080.735773 2079.049325 2077.146283 2075.736033 2074.109542 2072.502533 2070.915122 2069.347291 2067.798907 2066.269925 2064.760238 2063.269783 2061.798471 2060.346233 2058.912981 2057.498662 2056.103175 2054.726468 2053.368459 2052.029110 2050.708244 2049.405937 2048.122036 2046.856498 2045.609256 2044.380232 2043.169388 2041.976643 2040.801944 2039.645250 2038.506443 2037.385519 2036.282417 2035.197054 2034.129402 2033.079395 2032.047026 2031.032109 2030.034725 2029.054793 2028.092237 2027.147026 2026.219116 2025.308459 2024.415003 2023.538706 2022.679529 2021.837425 2021.012341 2020.204262 2019.413134 2018.638920 2017.881577 2017.141069 2016.417361 2015.710454 2015.020227 2014.346702 2013.689844 2013.049621 2012.425999 2011.818948 2011.228432 2010.654435 2010.096913 2009.555850 2009.031216 2008.522988 2008.031139 2007.555643 2007.096482 2006.653626 2006.227065 2005.816770 2005.422722 2005.044897 2004.683292 2004.337880 2004.008642 2003.695564 2003.398629 2003.117829 2002.853146 2002.604569 2002.372081 2002.155682 2001.955355 2001.771085 2001.602865 2001.450698 2001.314564 2001.194462 2001.090381 2001.002329 2000.930283 2000.874256 2000.834241 2000.810228 1000.401112 
