0.0001
0.000133
0.000178
0.000237
0.000316
0.000421
0.000562
0.000749
0.000999
0.001332
0.001776
0.002368
0.003157
0.004209
0.005612
0.007483
0.009977
0.013303
0.017738
0.02365
0.031534
0.042045
0.05606
0.074747
0.099662
0.132883
0.177177
0.236236
0.314981
0.419975
0.559967
0.746622
0.995496
1.327328
2.0
>
-52142782.313395 241634.338701 104285564.62679
 1277706.928083  
>
-52110960.17724 118507.999247 104221924.35448
9.0 378886.732490 1532511.527635  
>
-51944925.76011 3644.703994 103889859.52022
17.0 28.0 998984.360777 2005144.870702 1028316.653544  
>
-51944686.279171 2708.976467 103889384.558342
17.0 26.0 28.0 1000490.146576 1994888.917905 2138509.296461 1003660.392984  
