0.000100
0.000133
0.000178
0.000237
0.000316
0.000421
0.000562
0.000749
0.000999
0.001332
0.001776
0.002368
0.003157
0.004209
0.005612
0.007483
0.009977
0.013303
0.017738
0.023650
0.031534
0.042045
0.056060
0.074747
0.099662
0.132883
0.177177
0.236236
0.314981
0.419975
0.559967
0.746622
0.995496
1.327328
2.000000
 >
 log_likelihood: -52142782.313395 
 distance: 241634.338701 
 breakpoints: 
 thetas: 1277706.928083 
 se_thetas: 8398.437046 
 residues: -118506.913989 5913.268489 40201.139065 51959.429690 56614.486823 56815.425868 55421.724927 54164.622967 51551.252826 49011.694127 46260.906699 43867.197016 42224.315824 38687.370608 36367.373652 34814.834359 32968.965452 31160.154536 29959.813400 28145.871036 26696.698697 24933.963796 23966.738809 22914.085232 21728.254264 20616.611741 19590.358853 19105.096416 18217.273351 17544.545452 16242.064473 16161.713309 14981.298045 14546.706498 13821.039157 13644.718792 12906.581841 12596.955774 12098.724110 11449.382335 10806.083745 10676.683191 10227.768428 9624.692643 9488.599674 9111.446359 8921.025414 8821.976552 8377.807993 8338.904461 7757.551071 7618.920785 7091.106744 7348.118980 6923.894066 6856.301675 6438.150556 6197.193413 5851.132154 5737.621848 5727.274636 5464.662846 5425.323013 5271.757678 4942.438855 4843.809541 5134.286527 4445.262116 4352.105581 4374.165475 4224.770438 4043.231099 3912.840736 3775.877089 3657.602827 3492.267035 3303.105653 3501.342652 3483.190653 3057.851530 3211.517311 2847.370575 2949.585192 2548.326711 2761.753062 2490.013936 2460.253506 2503.608661 2310.210049 2402.182538 2315.646338 2223.715015 2163.498147 1992.100562 1996.622517 1914.160218 1796.805773 1633.647683 1623.770711 1706.256365 1505.182816 1564.625281 1497.655922 1408.344252 1469.757074 1409.958680 1347.010911 1479.973432 1412.903560 1351.856780 1096.886103 962.043288 1210.378297 850.937370 1160.768322 978.915278 876.421237 960.327787 894.675337 712.502584 612.847174 741.745296 666.232204 808.342314 697.108583 276.561578 537.733710 428.654374 362.352623 509.856553 430.193333 395.389467 649.470553 368.461523 177.386247 119.268671 -7.869000 341.995528 396.883677 218.816216 174.813427 120.894958 100.079954 57.386535 203.833994 -208.561262 89.218205 123.189075 -9.632528 55.769197 -94.590423 68.303502 66.465564 -176.090084 -247.349710 -331.299799 -126.927358 -103.219371 -184.163657 -233.748005 -249.960515 -358.789736 -381.224366 -224.253471 -199.866283 -288.052395 -145.801433 -356.103828 -296.949508 -525.329045 -374.233227 -542.652948 -189.579442 -517.003948 -421.918125 -449.313644 -463.182508 -476.516794 -448.308817 -497.551051 -544.236009 -502.356664 -571.905808 -440.876711 -434.262486 -508.056639 -484.252603 -486.844154 -684.825038 -541.189260 -494.930859 -484.044048 -479.523115 -603.362506 -592.556791 -643.100618 -604.988760 -611.216066 -607.777561 -586.668547 -707.883469 -489.418308 -544.268248 -806.428709 -579.895258 -713.663500 -621.729169 -876.088087 -677.736047 -697.669252 -624.883490 -747.375019 -787.139864 -849.174463 -717.475064 -873.038064 -812.859970 -721.937280 -850.266602 -705.844572 -788.668028 -724.733473 -922.037953 -950.578336 -885.351537 -922.354616 -816.584579 -921.038549 -816.713669 -875.607148 -839.716281 -916.038369 -769.570700 -941.310729 -815.255879 -883.403671 -935.751632 -924.297253 -858.038165 -862.972186 -1027.096834 -839.409903 -970.909121 -957.592243 -986.457368 -1059.502124 -838.724513 -953.122428 -927.693902 -731.436946 -960.349603 -921.429958 -948.676055 -975.086100 -1088.658256 -1092.390716 -965.281721 -1012.329428 -886.532219 -1114.888398 -910.396270 -984.054220 -976.860580 -841.813813 -987.912316 -995.154641 -986.539171 -949.064432 -893.728969 -882.531330 -1009.469971 -949.543888 -880.751245 -1039.090859 -1104.561368 -1024.161435 -995.889894 -1078.745267 -1062.726382 -1088.831975 -1003.060843 -1052.411751 -899.883525 -879.474933 -956.184898 -1053.012248 -1083.955845 -1101.014599 -1098.187044 -1041.473274 -1015.870863 -1062.379465 -1146.997893 -1013.725113 -873.560166 -913.502076 -961.549801 -1017.702485 -1050.959105 -965.318702 -1090.780407 -1066.343330 -1029.006488 -1107.769131 -1022.630306 -1032.589103 -897.644738 -928.796414 -922.043180 -1069.384422 -1069.819156 -1079.346677 -1019.966180 -952.676886 -1062.478054 -1028.368939 -988.348776 -1080.416884 -1088.572508 -939.814927 -1104.143462 -1148.557330 -1019.056139 -1000.638980 -1161.305083 -1136.053964 -961.885037 -857.797579 -967.790891 -978.864421 -1002.017600 -997.249770 -1006.560334 -1119.948715 -895.413427 -982.956614 -956.574982 -985.268906 -1140.037802 -1068.881126 -1055.798387 -865.789020 -998.852488 -1128.988300 -1016.195971 -960.474903 -1021.824700 -1107.244838 -1081.734824 -831.294179 -994.922463 -1111.619183 -1175.383872 -1082.216112 -1040.115421 -998.081371 -976.113525 -1072.211474 -1106.374816 -1075.602981 -1075.895736 -1032.252587 -936.673147 -1047.157028 -938.703821 -1094.313147 -1130.984619 -1034.717880 -1010.512516 -1118.368201 -1088.284533 -972.261215 -1167.297835 -949.394057 -888.549569 -1015.763978 -1025.036989 -1042.368264 -1096.757462 -1041.204279 -990.708372 -1124.269472 -1083.887145 -1017.561353 -1099.291538 -1100.077481 -984.918937 -1058.815512 -1073.767013 -1073.773134 -981.833580 -961.948114 -1014.116414 -1098.338264 -1023.613362 -1100.941443 -1063.322323 -1129.755671 -1106.241270 -994.778869 -1127.368223 -1010.009104 -958.701264 -1068.142573 -1022.238173 -1042.083148 -1068.978194 -1109.923349 -986.918482 -1136.963320 -1079.057695 -1020.201372 -1044.394167 -1071.635867 -950.926283 -1080.265207 -923.652476 -1078.087866 -1137.571216 -1119.102332 -969.681076 -1078.307132 -987.980509 -1115.700929 -1128.468249 -1036.282302 -970.142907 -1070.049933 -1027.003200 -940.002562 -932.047890 -1011.138956 -1110.275685 -916.457923 -1012.685494 -1059.958293 -997.276166 -1158.639035 -1006.046600 -1164.498895 -1099.995756 -1030.537020 -1169.122590 -1088.752347 -1076.426170 -1047.143936 -1233.905534 -909.710858 -1032.559795 -995.452224 -1214.388072 -1029.367220 -1061.389571 -1090.455021 -1077.563477 -1119.714847 -1061.909086 -1163.145998 -1057.425565 -1071.747702 -1026.112325 -1041.519352 -984.968707 -1109.460304 -1122.994086 -1065.569962 -1199.187876 -1047.847758 -1073.549544 -1201.293168 -1194.078568 -1106.905690 -914.774469 -1173.684862 -1136.636807 -1093.630255 -1157.665150 -1155.741466 -1001.859146 -1109.018144 -964.218422 -1026.459939 -1002.742665 -936.066562 -1033.431599 -1200.837738 -1134.284968 -956.773248 -1140.302553 -1040.872859 -980.484159 -1158.136422 -1041.829633 -1076.563775 -1184.338849 -1124.154824 -879.011707 -1052.909489 -1121.848154 -584.413855 
 fitted_sfs: 1278985.913989 640133.731511 427183.860935 320709.570310 256825.513177 214236.574132 183816.275073 161001.377033 143256.747174 129061.305873 117447.093301 107768.802984 99579.684176 92560.629392 86477.626348 81155.165641 76459.034548 72284.845464 68550.186600 65189.128964 62148.301303 59384.036204 56860.261191 54546.914768 52418.745736 50454.388259 48635.641147 46946.903584 45374.726649 43907.454548 42534.935527 41248.286691 40039.701955 38902.293502 37829.960843 36817.281208 35859.418159 34952.044226 34091.275890 33273.617665 32495.916255 31755.316809 31049.231572 30375.307357 29731.400326 29115.553641 28525.974586 27961.023448 27419.192007 26899.095539 26399.448929 25919.079215 25456.893256 25011.881020 24583.105934 24169.698325 23770.849444 23385.806587 23013.867846 22654.378152 22306.725364 21970.337154 21644.676987 21329.242322 21023.561145 20727.190459 20439.713473 20160.737884 19889.894419 19626.834525 19371.229562 19122.768901 18881.159264 18646.122911 18417.397173 18194.732965 17977.894347 17766.657348 17560.809347 17360.148470 17164.482689 16973.629425 16787.414808 16605.673289 16428.246938 16254.986064 16085.746494 15920.391339 15758.789951 15600.817462 15446.353662 15295.284985 15147.501853 15002.899438 14861.377483 14722.839782 14587.194227 14454.352317 14324.229289 14196.743635 14071.817184 13949.374719 13829.344078 13711.655748 13596.242926 13483.041320 13371.989089 13263.026568 13156.096440 13051.143220 12948.113897 12846.956712 12747.621703 12650.062630 12554.231678 12460.084722 12367.578763 12276.672213 12187.324663 12099.497416 12013.152826 11928.254704 11844.767796 11762.657686 11681.891417 11602.438422 11524.266290 11447.345626 11371.647377 11297.143447 11223.806667 11151.610533 11080.529447 11010.538477 10941.613753 10873.731329 10806.869000 10741.004472 10676.116323 10612.183784 10549.186573 10487.105042 10425.920046 10365.613465 10306.166006 10247.561262 10189.781795 10132.810925 10076.632528 10021.230803 9966.590423 9912.696498 9859.534436 9807.090084 9755.349710 9704.299799 9653.927358 9604.219371 9555.163657 9506.748005 9458.960515 9411.789736 9365.224366 9319.253471 9273.866283 9229.052395 9184.801433 9141.103828 9097.949508 9055.329045 9013.233227 8971.652948 8930.579442 8890.003948 8849.918125 8810.313644 8771.182508 8732.516794 8694.308817 8656.551051 8619.236009 8582.356664 8545.905808 8509.876711 8474.262486 8439.056639 8404.252603 8369.844154 8335.825038 8302.189260 8268.930859 8236.044048 8203.523115 8171.362506 8139.556791 8108.100618 8076.988760 8046.216066 8015.777561 7985.668547 7955.883469 7926.418308 7897.268248 7868.428709 7839.895258 7811.663500 7783.729169 7756.088087 7728.736047 7701.669252 7674.883490 7648.375019 7622.139864 7596.174463 7570.475064 7545.038064 7519.859970 7494.937280 7470.266602 7445.844572 7421.668028 7397.733473 7374.037953 7350.578336 7327.351537 7304.354616 7281.584579 7259.038549 7236.713669 7214.607148 7192.716281 7171.038369 7149.570700 7128.310729 7107.255879 7086.403671 7065.751632 7045.297253 7025.038165 7004.972186 6985.096834 6965.409903 6945.909121 6926.592243 6907.457368 6888.502124 6869.724513 6851.122428 6832.693902 6814.436946 6796.349603 6778.429958 6760.676055 6743.086100 6725.658256 6708.390716 6691.281721 6674.329428 6657.532219 6640.888398 6624.396270 6608.054220 6591.860580 6575.813813 6559.912316 6544.154641 6528.539171 6513.064432 6497.728969 6482.531330 6467.469971 6452.543888 6437.751245 6423.090859 6408.561368 6394.161435 6379.889894 6365.745267 6351.726382 6337.831975 6324.060843 6310.411751 6296.883525 6283.474933 6270.184898 6257.012248 6243.955845 6231.014599 6218.187044 6205.473274 6192.870863 6180.379465 6167.997893 6155.725113 6143.560166 6131.502076 6119.549801 6107.702485 6095.959105 6084.318702 6072.780407 6061.343330 6050.006488 6038.769131 6027.630306 6016.589103 6005.644738 5994.796414 5984.043180 5973.384422 5962.819156 5952.346677 5941.966180 5931.676886 5921.478054 5911.368939 5901.348776 5891.416884 5881.572508 5871.814927 5862.143462 5852.557330 5843.056139 5833.638980 5824.305083 5815.053964 5805.885037 5796.797579 5787.790891 5778.864421 5770.017600 5761.249770 5752.560334 5743.948715 5735.413427 5726.956614 5718.574982 5710.268906 5702.037802 5693.881126 5685.798387 5677.789020 5669.852488 5661.988300 5654.195971 5646.474903 5638.824700 5631.244838 5623.734824 5616.294179 5608.922463 5601.619183 5594.383872 5587.216112 5580.115421 5573.081371 5566.113525 5559.211474 5552.374816 5545.602981 5538.895736 5532.252587 5525.673147 5519.157028 5512.703821 5506.313147 5499.984619 5493.717880 5487.512516 5481.368201 5475.284533 5469.261215 5463.297835 5457.394057 5451.549569 5445.763978 5440.036989 5434.368264 5428.757462 5423.204279 5417.708372 5412.269472 5406.887145 5401.561353 5396.291538 5391.077481 5385.918937 5380.815512 5375.767013 5370.773134 5365.833580 5360.948114 5356.116414 5351.338264 5346.613362 5341.941443 5337.322323 5332.755671 5328.241270 5323.778869 5319.368223 5315.009104 5310.701264 5306.142573 5302.238173 5298.083148 5293.978194 5289.923349 5285.918482 5281.963320 5278.057695 5274.201372 5270.394167 5266.635867 5262.926283 5259.265207 5255.652476 5252.087866 5248.571216 5245.102332 5241.681076 5238.307132 5234.980509 5231.700929 5228.468249 5225.282302 5222.142907 5219.049933 5216.003200 5213.002562 5210.047890 5207.138956 5204.275685 5201.457923 5198.685494 5195.958293 5193.276166 5190.639035 5188.046600 5185.498895 5182.995756 5180.537020 5178.122590 5175.752347 5173.426170 5171.143936 5168.905534 5166.710858 5164.559795 5162.452224 5160.388072 5158.367220 5156.389571 5154.455021 5152.563477 5150.714847 5148.909086 5147.145998 5145.425565 5143.747702 5142.112325 5140.519352 5138.968707 5137.460304 5135.994086 5134.569962 5133.187876 5131.847758 5130.549544 5129.293168 5128.078568 5126.905690 5125.774469 5124.684862 5123.636807 5122.630255 5121.665150 5120.741466 5119.859146 5119.018144 5118.218422 5117.459939 5116.742665 5116.066562 5115.431599 5114.837738 5114.284968 5113.773248 5113.302553 5112.872859 5112.484159 5112.136422 5111.829633 5111.563775 5111.338849 5111.154824 5111.011707 5110.909489 5110.848154 2555.413855 
 >
 log_likelihood: -52110960.177240 
 distance: 118507.999247 
 breakpoints: 9 
 thetas: 378886.732490 1532511.527635 
 se_thetas: 23038.899586 7634.847092 
 residues: 10799.589350 -57750.512172 -30791.797406 -8456.107661 6339.193772 14352.340900 18838.650815 22078.725646 22988.860096 23275.749168 22839.783642 22375.753970 22365.854118 20228.635770 19121.720533 18630.600661 17721.248813 16744.868461 16289.305395 15145.636366 14302.876012 13091.399977 12627.474925 12036.156734 11274.732209 10554.828475 9891.276244 9742.787493 9168.493216 8788.373628 7759.605023 7935.841691 6996.446462 6788.680686 6276.861511 6302.493104 5755.376449 5626.701942 5300.127593 4813.845710 4325.639244 4343.931421 4035.826572 3567.147019 3559.464156 3305.125606 3232.279911 3245.895495 2909.780795 2974.598731 2492.884464 2450.051122 2014.407762 2360.165840 2021.448706 2036.299469 1697.688066 1533.517464 1261.629480 1219.809795 1278.792579 1083.264539 1108.868944 1018.208721 749.849810 710.323733 1058.130347 424.740115 385.596141 460.116321 361.694926 229.704393 147.496656 57.404718 -15.256258 -136.187621 -282.106302 -41.743703 -18.844836 -404.167492 -211.481391 -537.567509 -398.217350 -763.232362 -514.423285 -751.609926 -747.619974 -671.289167 -832.460654 -708.984544 -764.717293 -826.522016 -857.267452 -999.827950 -967.083198 -1021.917859 -1112.221393 -1248.887726 -1232.815118 -1124.905859 -1301.066144 -1217.205808 -1260.238236 -1326.080099 -1241.651268 -1278.874631 -1319.675974 -1164.983801 -1210.729283 -1250.846022 -1485.270154 -1599.939905 -1331.795679 -1671.780553 -1342.838643 -1505.916597 -1589.962773 -1487.927268 -1535.761790 -1700.419767 -1782.856098 -1637.027227 -1695.890946 -1537.406317 -1632.533820 -2037.235588 -1760.474115 -1854.213661 -1905.419428 -1743.057705 -1808.095832 -1828.502092 -1560.245757 -1827.296985 -2004.626915 -2049.207304 -2163.011045 -1800.011597 -1732.183256 -1897.501059 -1928.940726 -1970.478678 -1979.091982 -2009.758490 -1851.456168 -2252.164285 -1942.862238 -1897.530065 -2019.148373 -1942.698254 -2082.161319 -1908.519671 -1899.755858 -2131.852895 -2192.794256 -2266.563797 -2052.145840 -2018.524998 -2089.686424 -2129.615541 -2136.298140 -2235.720406 -2248.868826 -2082.730246 -2049.291797 -2128.540956 -1977.465433 -2179.053398 -2111.293084 -2331.173123 -2171.682411 -2331.810071 -1970.545517 -2289.878346 -2186.798462 -2206.295944 -2212.361138 -2217.984577 -2182.157024 -2223.869443 -2263.112961 -2213.878989 -2276.159026 -2137.944852 -2124.228334 -2191.001589 -2160.256839 -2155.986532 -2347.183228 -2196.839684 -2143.948779 -2126.503558 -2115.497196 -2232.923021 -2215.774502 -2260.045230 -2215.728934 -2215.819461 -2206.310801 -2179.197121 -2294.472419 -2070.131237 -2119.167966 -2375.577147 -2143.353447 -2271.491623 -2173.986544 -2422.833184 -2219.026577 -2233.561952 -2155.434486 -2272.639560 -2307.172555 -2364.029036 -2227.204579 -2377.694864 -2312.495662 -2216.602803 -2340.012208 -2190.719859 -2268.721856 -2200.014252 -2392.593315 -2416.455310 -2346.596568 -2379.013510 -2268.702592 -2368.660349 -2259.883369 -2314.368306 -2274.111881 -2346.110862 -2195.362054 -2362.862354 -2232.608688 -2296.598054 -2344.827486 -2329.294050 -2258.994888 -2259.927233 -2420.088266 -2228.475286 -2356.085603 -2338.916573 -2363.965683 -2433.230314 -2208.707990 -2319.396232 -2290.292634 -2090.394813 -2315.700423 -2273.207162 -2296.912740 -2319.814946 -2429.911580 -2430.200479 -2299.679520 -2343.346579 -2214.199626 -2439.236630 -2231.455584 -2301.854531 -2291.431518 -2153.184656 -2296.112056 -2300.211898 -2288.482334 -2247.921579 -2189.527872 -2175.299476 -2299.234646 -2236.331814 -2164.589186 -2320.005183 -2382.578187 -2299.306608 -2268.188924 -2348.223536 -2329.408957 -2352.743686 -2264.226257 -2310.855213 -2155.629128 -2132.546578 -2206.606195 -2300.806605 -2329.146453 -2343.624415 -2338.239071 -2278.989477 -2250.873954 -2294.891455 -2377.040698 -2241.320457 -2098.729544 -2136.266776 -2181.930964 -2235.720988 -2266.635690 -2178.673940 -2301.834651 -2275.116737 -2235.519100 -2312.040719 -2224.680526 -2232.437474 -2095.310566 -2124.298813 -2115.401187 -2260.616772 -2258.944554 -2266.383608 -2204.932991 -2135.591779 -2243.359065 -2207.233953 -2165.215549 -2255.302992 -2261.495409 -2110.791947 -2273.191771 -2315.694026 -2184.297981 -2164.002759 -2322.807533 -2295.711567 -2119.714106 -2013.814359 -2122.011551 -2131.304958 -2152.693859 -2146.177512 -2153.755202 -2265.426227 -2039.189621 -2125.045502 -2096.992384 -2124.029872 -2277.157296 -2204.374005 -2189.679367 -1998.072736 -2129.553482 -2258.120992 -2143.774663 -2086.513864 -2146.338030 -2230.246562 -2203.238877 -1951.314404 -2113.472586 -2228.712857 -2291.034665 -2196.437477 -2152.920746 -2109.483946 -2086.126555 -2180.848064 -2213.647970 -2181.525726 -2180.480889 -2135.512945 -2038.621415 -2147.805825 -2038.065700 -2192.400577 -2227.809997 -2130.293513 -2104.850666 -2211.481027 -2180.184151 -2062.959624 -2256.807007 -2037.725885 -1975.715854 -2101.776491 -2109.907407 -2126.108201 -2179.378479 -2122.717859 -2071.125953 -2203.602398 -2162.146784 -2094.758826 -2175.438086 -2175.184231 -2058.996922 -2131.875782 -2145.820496 -2144.830718 -2051.906110 -2031.046355 -2082.251113 -2165.520078 -2089.852925 -2166.249339 -2127.709035 -2193.231688 -2168.817008 -2056.464699 -2188.174470 -2069.946038 -2017.779117 -2126.582890 -2079.628603 -2098.644667 -2124.721064 -2164.857607 -2041.054063 -2190.310158 -2131.625655 -2072.000295 -2095.433842 -2121.926051 -2000.476687 -2129.085514 -1971.752310 -2125.476839 -2184.258885 -2165.098225 -2014.994656 -2122.947924 -2031.957875 -2159.024271 -2171.146917 -2078.325613 -2011.560158 -2110.850368 -2067.196048 -1979.597012 -1971.053085 -2049.564064 -2148.129793 -1953.750094 -2049.424789 -2096.153717 -2032.936710 -2193.773623 -2040.664246 -2198.608472 -2133.606138 -2063.657081 -2201.761162 -2120.918236 -2108.128161 -2078.390797 -2264.706007 -1940.073660 -2062.493623 -2024.965765 -2243.489970 -2058.066111 -2089.694067 -2118.373722 -2105.104961 -2146.887672 -2088.721761 -2189.607089 -2083.543573 -2097.531111 -2051.569604 -2066.658957 -2009.799075 -2133.989865 -2147.231244 -2089.523121 -2222.865416 -2071.258047 -2096.700937 -2224.194009 -2216.737190 -2129.330411 -1936.973601 -2195.666698 -2158.409635 -2115.202353 -2179.044792 -2176.936900 -2022.878621 -2129.869903 -1984.910698 -2047.000959 -2023.140644 -1956.329711 -2053.568121 -2220.855836 -2154.192824 -1976.579053 -2160.014490 -2060.499109 -2000.032890 -2177.615805 -2061.247836 -2095.928964 -2203.659177 -2143.438458 -1898.266800 -2072.144194 -2141.070630 -1094.023055 
 fitted_sfs: 1149679.410650 703797.512172 498176.797406 381125.107661 307100.806228 256699.659100 220399.349185 193087.274354 171819.139904 154797.250832 140868.216358 129260.246030 119438.145882 111019.364230 103723.279467 97339.399339 91706.751187 86700.131539 82220.694605 78189.363634 74542.123988 71226.600023 68199.525075 65424.843266 62872.267791 60516.171525 58334.723756 56309.212507 54423.506784 52663.626372 51017.394977 49474.158309 48024.553538 46660.319314 45374.138489 44159.506896 43010.623551 41922.298058 40889.872407 39909.154290 38976.360756 38088.068579 37241.173428 36432.852981 35660.535844 34921.874394 34214.720089 33537.104505 32887.219205 32263.401269 31664.115536 31087.948878 30533.592238 29999.834160 29485.551294 28989.700531 28511.311934 28049.482536 27603.370520 27172.190205 26755.207421 26351.735461 25961.131056 25582.791279 25216.150190 24860.676267 24515.869653 24181.259885 23856.403859 23540.883679 23234.305074 22936.295607 22646.503344 22364.595282 22090.256258 21823.187621 21563.106302 21309.743703 21062.844836 20822.167492 20587.481391 20358.567509 20135.217350 19917.232362 19704.423285 19496.609926 19293.619974 19095.289167 18901.460654 18711.984544 18526.717293 18345.522016 18168.267452 17994.827950 17825.083198 17658.917859 17496.221393 17336.887726 17180.815118 17027.905859 16878.066144 16731.205808 16587.238236 16446.080099 16307.651268 16171.874631 16038.675974 15907.983801 15779.729283 15653.846022 15530.270154 15408.939905 15289.795679 15172.780553 15057.838643 14944.916597 14833.962773 14724.927268 14617.761790 14512.419767 14408.856098 14307.027227 14206.890946 14108.406317 14011.533820 13916.235588 13822.474115 13730.213661 13639.419428 13550.057705 13462.095832 13375.502092 13290.245757 13206.296985 13123.626915 13042.207304 12962.011045 12883.011597 12805.183256 12728.501059 12652.940726 12578.478678 12505.091982 12432.758490 12361.456168 12291.164285 12221.862238 12153.530065 12086.148373 12019.698254 11954.161319 11889.519671 11825.755858 11762.852895 11700.794256 11639.563797 11579.145840 11519.524998 11460.686424 11402.615541 11345.298140 11288.720406 11232.868826 11177.730246 11123.291797 11069.540956 11016.465433 10964.053398 10912.293084 10861.173123 10810.682411 10760.810071 10711.545517 10662.878346 10614.798462 10567.295944 10520.361138 10473.984577 10428.157024 10382.869443 10338.112961 10293.878989 10250.159026 10206.944852 10164.228334 10122.001589 10080.256839 10038.986532 9998.183228 9957.839684 9917.948779 9878.503558 9839.497196 9800.923021 9762.774502 9725.045230 9687.728934 9650.819461 9614.310801 9578.197121 9542.472419 9507.131237 9472.167966 9437.577147 9403.353447 9369.491623 9335.986544 9302.833184 9270.026577 9237.561952 9205.434486 9173.639560 9142.172555 9111.029036 9080.204579 9049.694864 9019.495662 8989.602803 8960.012208 8930.719859 8901.721856 8873.014252 8844.593315 8816.455310 8788.596568 8761.013510 8733.702592 8706.660349 8679.883369 8653.368306 8627.111881 8601.110862 8575.362054 8549.862354 8524.608688 8499.598054 8474.827486 8450.294050 8425.994888 8401.927233 8378.088266 8354.475286 8331.085603 8307.916573 8284.965683 8262.230314 8239.707990 8217.396232 8195.292634 8173.394813 8151.700423 8130.207162 8108.912740 8087.814946 8066.911580 8046.200479 8025.679520 8005.346579 7985.199626 7965.236630 7945.455584 7925.854531 7906.431518 7887.184656 7868.112056 7849.211898 7830.482334 7811.921579 7793.527872 7775.299476 7757.234646 7739.331814 7721.589186 7704.005183 7686.578187 7669.306608 7652.188924 7635.223536 7618.408957 7601.743686 7585.226257 7568.855213 7552.629128 7536.546578 7520.606195 7504.806605 7489.146453 7473.624415 7458.239071 7442.989477 7427.873954 7412.891455 7398.040698 7383.320457 7368.729544 7354.266776 7339.930964 7325.720988 7311.635690 7297.673940 7283.834651 7270.116737 7256.519100 7243.040719 7229.680526 7216.437474 7203.310566 7190.298813 7177.401187 7164.616772 7151.944554 7139.383608 7126.932991 7114.591779 7102.359065 7090.233953 7078.215549 7066.302992 7054.495409 7042.791947 7031.191771 7019.694026 7008.297981 6997.002759 6985.807533 6974.711567 6963.714106 6952.814359 6942.011551 6931.304958 6920.693859 6910.177512 6899.755202 6889.426227 6879.189621 6869.045502 6858.992384 6849.029872 6839.157296 6829.374005 6819.679367 6810.072736 6800.553482 6791.120992 6781.774663 6772.513864 6763.338030 6754.246562 6745.238877 6736.314404 6727.472586 6718.712857 6710.034665 6701.437477 6692.920746 6684.483946 6676.126555 6667.848064 6659.647970 6651.525726 6643.480889 6635.512945 6627.621415 6619.805825 6612.065700 6604.400577 6596.809997 6589.293513 6581.850666 6574.481027 6567.184151 6559.959624 6552.807007 6545.725885 6538.715854 6531.776491 6524.907407 6518.108201 6511.378479 6504.717859 6498.125953 6491.602398 6485.146784 6478.758826 6472.438086 6466.184231 6459.996922 6453.875782 6447.820496 6441.830718 6435.906110 6430.046355 6424.251113 6418.520078 6412.852925 6407.249339 6401.709035 6396.231688 6390.817008 6385.464699 6380.174470 6374.946038 6369.779117 6364.582890 6359.628603 6354.644667 6349.721064 6344.857607 6340.054063 6335.310158 6330.625655 6326.000295 6321.433842 6316.926051 6312.476687 6308.085514 6303.752310 6299.476839 6295.258885 6291.098225 6286.994656 6282.947924 6278.957875 6275.024271 6271.146917 6267.325613 6263.560158 6259.850368 6256.196048 6252.597012 6249.053085 6245.564064 6242.129793 6238.750094 6235.424789 6232.153717 6228.936710 6225.773623 6222.664246 6219.608472 6216.606138 6213.657081 6210.761162 6207.918236 6205.128161 6202.390797 6199.706007 6197.073660 6194.493623 6191.965765 6189.489970 6187.066111 6184.694067 6182.373722 6180.104961 6177.887672 6175.721761 6173.607089 6171.543573 6169.531111 6167.569604 6165.658957 6163.799075 6161.989865 6160.231244 6158.523121 6156.865416 6155.258047 6153.700937 6152.194009 6150.737190 6149.330411 6147.973601 6146.666698 6145.409635 6144.202353 6143.044792 6141.936900 6140.878621 6139.869903 6138.910698 6138.000959 6137.140644 6136.329711 6135.568121 6134.855836 6134.192824 6133.579053 6133.014490 6132.499109 6132.032890 6131.615805 6131.247836 6130.928964 6130.659177 6130.438458 6130.266800 6130.144194 6130.070630 3065.023055 
 >
 log_likelihood: -51944925.760110 
 distance: 3644.703994 
 breakpoints: 17 28 
 thetas: 998984.360777 2005144.870702 1028316.653544 
 se_thetas: 228.066007 556.860791 1531.838616 
 residues: 525.455907 -541.284522 -366.225810 -837.532471 -300.207733 -607.288709 -765.570763 69.251470 -54.131786 45.069640 -57.258409 129.446736 956.649531 -241.806142 -363.537353 140.941015 214.336349 193.124796 656.188190 389.541944 379.779443 -43.370730 236.887060 346.899891 245.718976 147.009071 67.774249 468.940601 411.830407 518.550577 -51.686938 556.701364 24.893105 201.847500 53.463510 422.714577 200.763224 380.059558 345.425641 136.128811 -89.056292 179.209640 108.875629 -133.455941 74.506573 25.775944 149.116776 350.065628 192.958038 428.943892 111.014265 224.998930 -60.401796 429.386272 228.824043 376.269054 164.984453 123.146713 -31.146752 40.128701 207.930882 117.155837 243.643358 250.180572 75.506613 126.315613 561.260534 11.956023 53.980916 206.881314 184.172359 125.340791 113.846430 92.124498 85.586802 28.623665 -55.395033 244.881718 325.787139 -3.362310 243.734288 -29.636902 160.796551 -154.705938 142.102955 -48.541655 0.585586 120.699207 2.004011 166.695706 150.962034 127.981453 134.925434 28.958068 97.236404 76.911031 20.126214 -83.979562 -36.273549 102.371788 -43.921169 68.965245 54.144004 15.723826 126.809226 115.500775 99.895235 279.085860 257.162352 240.211333 28.315926 -64.443226 225.011685 -94.245815 254.857725 111.391615 46.423084 167.017113 137.236659 -9.857715 -75.207280 87.244589 44.552853 218.770925 138.950222 -250.860532 40.388041 -39.257800 -76.752792 98.946875 46.883616 39.098674 319.631958 64.522257 -101.193051 -134.477085 -237.294864 136.388147 214.605299 59.388952 37.770623 5.780883 6.449478 -15.195062 151.876304 -240.310027 77.272773 130.650577 16.848471 100.890950 -31.198188 149.604194 165.320697 -60.026721 -114.416716 -181.828394 38.758467 78.363842 13.006803 -21.293799 -22.519591 -116.652784 -124.675923 46.427940 84.675417 10.082634 165.665495 -31.560915 40.418697 -175.381060 -11.945919 -168.261864 196.684690 -119.092837 -12.581503 -28.768531 -31.641547 -34.188378 4.602826 -34.256343 -70.754456 -18.880568 -78.623717 62.026564 78.080751 13.548899 46.441006 52.766699 -136.464479 15.756711 70.439384 89.592421 102.224549 -13.655717 4.959950 -37.920271 7.711618 8.863471 19.542925 47.757324 -66.485399 158.821418 110.684986 -144.887739 88.110013 -39.315083 58.843480 -189.407924 14.937043 0.884331 79.440159 -37.389680 -71.599269 -128.183069 8.864553 -141.450937 -76.124214 19.850006 -103.523130 45.761457 -32.291362 36.323504 -156.389329 -180.425143 -110.779305 -143.447335 -33.424753 -133.707209 -25.290409 -80.170150 -40.342330 -112.802893 37.452196 -130.573200 -0.875219 -65.450118 -114.294184 -99.403713 -29.775139 -31.405076 -192.289931 -1.426356 -129.810984 -113.440493 -139.311860 -209.421721 14.232970 -97.344683 -69.151708 129.814854 -96.442082 -54.919661 -79.615020 -103.525443 -214.648205 -215.980624 -86.520082 -131.263911 -3.209644 -229.354771 -22.696803 -94.233334 -84.961935 52.119700 -91.986086 -97.277095 -86.751009 -47.405643 9.761157 22.751529 -102.432340 -40.788695 29.684850 -127.009844 -190.870791 -108.896040 -79.083788 -160.432003 -142.938907 -167.602661 -80.421491 -128.393609 25.482711 47.209229 -28.212431 -123.780581 -153.493575 -169.349812 -165.347413 -107.485727 -80.762146 -126.175698 -209.724768 -75.407866 65.776425 26.829526 -20.247101 -75.452148 -107.784189 -21.241855 -145.823857 -120.528902 -82.355630 -160.302873 -74.369315 -83.553681 52.145197 21.728489 29.197476 -117.446831 -117.203142 -126.070390 -66.047441 1.866813 -107.326556 -72.626483 -32.031893 -123.541784 -131.155103 18.129169 -145.687988 -189.605520 -59.622685 -40.738344 -200.951471 -175.261272 -0.666878 103.832680 -5.761652 -16.449051 -39.228686 -34.099660 -43.061133 -156.112282 68.748418 -18.480349 8.204344 -20.197444 -174.684916 -103.257307 -89.913899 100.346079 -32.476632 -162.381325 -49.367308 6.566196 -54.580196 -139.805776 -114.109859 136.508220 -26.950904 -143.486564 -207.098115 -113.784953 -71.546430 -29.381943 -7.290886 -103.272680 -137.326753 -106.452408 -106.649212 -62.916534 32.746170 -77.660557 30.863839 -124.680114 -161.291884 -64.970969 -40.716822 -148.528970 -118.406884 -2.350118 -197.358143 20.569511 81.433292 -45.766294 -55.028819 -72.353825 -126.740852 -71.189475 -20.699240 -154.269753 -113.900493 -47.591255 -129.341426 -130.150662 -15.018602 -88.944769 -103.928849 -103.970439 -12.069148 7.775367 -44.436486 -128.704387 -54.027947 -131.406812 -93.840689 -160.329178 -136.871966 -25.468717 -158.119102 -40.822807 10.420495 -99.152842 -53.250380 -73.164476 -100.130107 -141.147180 -18.215470 -168.334643 -110.504451 -51.724595 -75.994817 -103.314837 17.315603 -112.103228 44.428906 -110.087715 -169.652863 -151.266283 -1.927768 -110.636972 -20.393807 -148.197959 -161.049224 -68.947380 -2.892193 -102.883475 -59.920997 26.995441 34.866023 -44.308989 -143.529457 50.204820 -46.105944 -93.461588 -30.861918 -192.306800 -39.795924 -198.329250 -133.906577 -64.527712 -203.192510 -122.900813 -110.652464 -81.447304 -268.285183 55.834040 -67.089485 -30.055609 -249.064217 -64.115162 -96.208313 -125.343538 -112.520712 -154.739712 -97.000457 -198.302743 -92.646512 -107.031651 -61.458051 -76.925605 -20.434211 -144.983764 -158.574176 -101.205342 -234.877179 -83.589596 -109.342509 -237.135833 -229.969486 -142.843397 49.242519 -209.711679 -172.705912 -129.740116 -193.814222 -191.928183 -38.081932 -145.275410 -0.508566 -62.781348 -39.093713 27.554388 -69.837004 -237.267844 -170.738107 6.752252 -176.796734 -77.385033 -17.012631 -194.679492 -78.385596 -113.130923 -220.915465 -160.739193 84.397892 -89.504200 -158.445453 -102.712936 
 fitted_sfs: 1159953.544093 646588.284522 467751.225810 373506.532471 313740.207733 271659.288709 240003.570763 215096.748530 194862.131786 178027.930360 163765.258409 151506.553264 140847.350469 131489.806142 123208.537353 115829.058985 109213.663651 103251.875204 97853.811810 92945.458056 88465.220557 84361.370730 80590.112940 77114.100109 73901.281024 70923.990929 68158.225751 65583.059399 63180.169593 60933.449423 58828.686938 56853.298636 54996.106895 53247.152500 51597.536490 50039.285423 48565.236776 47168.940442 45844.574359 44586.871189 43391.056292 42252.790360 41168.124371 40133.455941 39145.493427 38201.224056 37297.883224 36432.934372 35604.041962 34809.056108 34045.985735 33313.001070 32608.401796 31930.613728 31278.175957 30649.730946 30044.015547 29459.853287 28896.146752 28351.871299 27826.069118 27317.844163 26826.356642 26350.819428 25890.493387 25444.684387 25012.739466 24594.043977 24188.019084 23794.118686 23411.827641 23040.659209 22680.153570 22329.875502 21989.413198 21658.376335 21336.395033 21023.118282 20718.212861 20421.362310 20132.265712 19850.636902 19576.203449 19308.705938 19047.897045 18793.541655 18545.414414 18303.300793 18066.995989 17836.304294 17611.037966 17391.018547 17176.074566 16966.041932 16760.763596 16560.088969 16363.873786 16171.979562 15984.273549 15800.628212 15620.921169 15445.034755 15272.855996 15104.276174 14939.190774 14777.499225 14619.104765 14463.914140 14311.837648 14162.788667 14016.684074 13873.443226 13732.988315 13595.245815 13460.142275 13327.608385 13197.576916 13069.982887 12944.763341 12821.857715 12701.207280 12582.755411 12466.447147 12352.229075 12240.049778 12129.860532 12021.611959 11915.257800 11810.752792 11708.053125 11607.116384 11507.901326 11410.368042 11314.477743 11220.193051 11127.477085 11036.294864 10946.611853 10858.394701 10771.611048 10686.229377 10602.219117 10519.550522 10438.195062 10358.123696 10279.310027 10201.727227 10125.349423 10050.151529 9976.109050 9903.198188 9831.395806 9760.679303 9691.026721 9622.416716 9554.828394 9488.241533 9422.636158 9357.993197 9294.293799 9231.519591 9169.652784 9108.675923 9048.572060 8989.324583 8930.917366 8873.334505 8816.560915 8760.581303 8705.381060 8650.945919 8597.261864 8544.315310 8492.092837 8440.581503 8389.768531 8339.641547 8290.188378 8241.397174 8193.256343 8145.754456 8098.880568 8052.623717 8006.973436 7961.919249 7917.451101 7873.558994 7830.233301 7787.464479 7745.243289 7703.560616 7662.407579 7621.775451 7581.655717 7542.040050 7502.920271 7464.288382 7426.136529 7388.457075 7351.242676 7314.485399 7278.178582 7242.315014 7206.887739 7171.889987 7137.315083 7103.156520 7069.407924 7036.062957 7003.115669 6970.559841 6938.389680 6906.599269 6875.183069 6844.135447 6813.450937 6783.124214 6753.149994 6723.523130 6694.238543 6665.291362 6636.676496 6608.389329 6580.425143 6552.779305 6525.447335 6498.424753 6471.707209 6445.290409 6419.170150 6393.342330 6367.802893 6342.547804 6317.573200 6292.875219 6268.450118 6244.294184 6220.403713 6196.775139 6173.405076 6150.289931 6127.426356 6104.810984 6082.440493 6060.311860 6038.421721 6016.767030 5995.344683 5974.151708 5953.185146 5932.442082 5911.919661 5891.615020 5871.525443 5851.648205 5831.980624 5812.520082 5793.263911 5774.209644 5755.354771 5736.696803 5718.233334 5699.961935 5681.880300 5663.986086 5646.277095 5628.751009 5611.405643 5594.238843 5577.248471 5560.432340 5543.788695 5527.315150 5511.009844 5494.870791 5478.896040 5463.083788 5447.432003 5431.938907 5416.602661 5401.421491 5386.393609 5371.517289 5356.790771 5342.212431 5327.780581 5313.493575 5299.349812 5285.347413 5271.485727 5257.762146 5244.175698 5230.724768 5217.407866 5204.223575 5191.170474 5178.247101 5165.452148 5152.784189 5140.241855 5127.823857 5115.528902 5103.355630 5091.302873 5079.369315 5067.553681 5055.854803 5044.271511 5032.802524 5021.446831 5010.203142 4999.070390 4988.047441 4977.133187 4966.326556 4955.626483 4945.031893 4934.541784 4924.155103 4913.870831 4903.687988 4893.605520 4883.622685 4873.738344 4863.951471 4854.261272 4844.666878 4835.167320 4825.761652 4816.449051 4807.228686 4798.099660 4789.061133 4780.112282 4771.251582 4762.480349 4753.795656 4745.197444 4736.684916 4728.257307 4719.913899 4711.653921 4703.476632 4695.381325 4687.367308 4679.433804 4671.580196 4663.805776 4656.109859 4648.491780 4640.950904 4633.486564 4626.098115 4618.784953 4611.546430 4604.381943 4597.290886 4590.272680 4583.326753 4576.452408 4569.649212 4562.916534 4556.253830 4549.660557 4543.136161 4536.680114 4530.291884 4523.970969 4517.716822 4511.528970 4505.406884 4499.350118 4493.358143 4487.430489 4481.566708 4475.766294 4470.028819 4464.353825 4458.740852 4453.189475 4447.699240 4442.269753 4436.900493 4431.591255 4426.341426 4421.150662 4416.018602 4410.944769 4405.928849 4400.970439 4396.069148 4391.224633 4386.436486 4381.704387 4377.027947 4372.406812 4367.840689 4363.329178 4358.871966 4354.468717 4350.119102 4345.822807 4341.579505 4337.152842 4333.250380 4329.164476 4325.130107 4321.147180 4317.215470 4313.334643 4309.504451 4305.724595 4301.994817 4298.314837 4294.684397 4291.103228 4287.571094 4284.087715 4280.652863 4277.266283 4273.927768 4270.636972 4267.393807 4264.197959 4261.049224 4257.947380 4254.892193 4251.883475 4248.920997 4246.004559 4243.133977 4240.308989 4237.529457 4234.795180 4232.105944 4229.461588 4226.861918 4224.306800 4221.795924 4219.329250 4216.906577 4214.527712 4212.192510 4209.900813 4207.652464 4205.447304 4203.285183 4201.165960 4199.089485 4197.055609 4195.064217 4193.115162 4191.208313 4189.343538 4187.520712 4185.739712 4184.000457 4182.302743 4180.646512 4179.031651 4177.458051 4175.925605 4174.434211 4172.983764 4171.574176 4170.205342 4168.877179 4167.589596 4166.342509 4165.135833 4163.969486 4162.843397 4161.757481 4160.711679 4159.705912 4158.740116 4157.814222 4156.928183 4156.081932 4155.275410 4154.508566 4153.781348 4153.093713 4152.445612 4151.837004 4151.267844 4150.738107 4150.247748 4149.796734 4149.385033 4149.012631 4148.679492 4148.385596 4148.130923 4147.915465 4147.739193 4147.602108 4147.504200 4147.445453 2073.712936 
 >
 log_likelihood: -51944686.279171 
 distance: 2708.976467 
 breakpoints: 17 26 28 
 thetas: 1000490.146576 1994888.917905 2138509.296461 1003660.392984 
 se_thetas: 185.567437 658.343120 6665.880104 1676.850189 
 residues: 189.681455 -277.203652 13.608487 -451.817258 54.879955 -295.913814 -501.693904 285.955441 117.607478 174.881255 33.961712 185.436200 980.651681 -246.736150 -394.563536 86.426789 138.718170 98.573288 544.674490 262.853100 239.534037 -195.707399 73.785508 174.234263 64.576773 -41.624332 -127.456976 267.922079 205.760484 308.097907 -265.914318 339.252635 -195.272978 -20.576546 -170.799447 196.995238 -26.063066 152.445718 117.316374 -92.208561 -317.377030 -48.870301 -118.758133 -360.455296 -151.685833 -199.451338 -75.000370 127.191549 -28.551143 208.911236 -107.439625 8.217386 -275.425395 216.198851 17.544222 166.961961 -42.290612 -82.042422 -234.201060 -160.746525 9.274683 -79.245396 49.529310 58.382463 -113.950022 -60.777017 376.551646 -170.351994 -125.911527 29.416877 9.146248 -47.238650 -56.279841 -75.543825 -79.620402 -134.120752 -215.676400 87.062353 170.427502 -156.265640 93.282776 -177.642087 15.231269 -297.838614 1.394775 -186.834212 -135.300927 -12.791504 -129.101757 37.963449 24.591323 3.959826 13.239965 -90.404595 -19.817203 -37.847638 -92.351974 -194.192041 -144.235379 -3.354720 -147.427924 -32.337550 -44.970830 -81.219228 32.021604 22.852084 9.368839 190.665002 170.830169 155.950868 -53.889859 -144.611438 146.863880 -170.390427 180.699056 39.201609 -23.815557 98.712526 70.848813 -74.346129 -137.813559 26.503167 -14.340967 161.707483 83.699971 -304.314739 -11.287220 -89.171164 -124.921252 52.506387 2.154232 -3.936408 278.274450 24.825667 -139.245299 -170.901487 -272.107834 103.170282 182.966299 29.312670 9.241003 -21.218036 -19.034603 -39.180073 129.374698 -261.343794 57.691383 112.506205 0.125864 85.574959 -45.122603 137.056423 154.134745 -69.865568 -122.923063 -189.016734 32.873749 73.768477 9.686630 -23.352825 -23.331407 -116.231210 -123.034669 49.275278 88.715356 15.301804 172.050640 -24.022940 49.096471 -165.576405 -1.027189 -156.241752 209.793602 -104.907593 2.667714 -12.467587 -14.301012 -15.820277 23.986579 -13.868744 -49.374706 3.479745 -55.294319 86.313677 103.314316 39.717759 73.534112 80.773107 -107.555608 45.557311 101.121084 121.144694 134.636972 19.606536 39.061813 -2.988915 43.462448 45.423858 56.903051 85.907468 -27.554856 198.522833 151.147845 -103.672768 130.067858 3.376494 102.259741 -145.275934 59.775899 46.421281 125.666523 9.517510 -24.019755 -79.939640 57.763575 -91.904558 -25.938625 70.666744 -52.083219 97.816649 20.371306 89.585924 -102.534796 -125.986056 -55.763140 -87.861489 22.723459 -77.003867 31.960905 -22.377943 17.983767 -53.949830 96.825375 -70.686679 59.517945 -4.556936 -52.907536 -37.530077 32.579077 31.423385 -128.993489 62.331872 -65.597094 -48.776997 -74.204747 -143.876909 80.209627 -30.941968 -2.328656 197.052588 -28.795257 13.130727 -11.166532 -34.684257 -145.419659 -146.369996 -16.532588 -60.904707 67.516173 -158.267377 48.747190 -22.437663 -12.819449 124.604196 -19.164330 -24.122772 -13.268757 26.399954 83.885572 97.190284 -27.683666 34.265528 105.040306 -51.357422 -114.925617 -32.662279 -2.565554 -83.633360 -65.863871 -90.255198 -2.805520 -50.513002 103.624131 125.607684 50.439328 -44.879204 -74.346219 -89.960074 -85.718843 -27.621833 -0.666392 -45.851506 -129.175515 5.363110 146.765830 108.034107 61.169442 6.173185 -25.953199 60.791700 -63.590793 -38.099343 0.267447 -77.489218 8.632016 -0.367539 135.513323 105.275807 112.921230 -33.549362 -33.134642 -41.833511 18.355202 86.432637 -22.600099 12.258093 53.008318 -38.348386 -45.810937 103.621719 -60.049409 -103.823235 26.301014 45.324508 -114.751698 -88.926779 85.800163 190.430127 80.964086 70.402892 47.747406 52.998552 44.157196 -68.775809 156.201088 69.086595 95.883670 67.592394 -86.786407 -15.251943 -1.803474 188.559800 55.838643 -73.966214 39.145945 95.175922 34.124356 -51.008020 -25.220499 225.487607 62.116954 -54.331766 -117.857888 -24.460785 17.860211 60.105726 82.276385 -13.627211 -47.604469 -16.654673 -16.777370 27.028091 122.762274 12.425741 121.019066 -34.457206 -71.002524 25.383634 49.701832 -58.047439 -27.863633 88.253715 -106.694850 111.291161 172.212210 45.068822 35.861441 18.590541 -35.743402 19.860052 70.401375 -63.119026 -22.700613 43.656833 -38.046060 -38.808932 76.368591 2.487000 -12.453375 -12.452118 79.491175 99.376862 47.205363 -37.022987 37.692213 -39.648670 -2.045332 -68.497357 -45.004422 66.433821 -66.182285 51.147585 102.423769 -7.117012 38.816627 18.933403 -8.002002 -48.989485 73.971189 -76.119635 -18.261699 40.545308 16.301654 -10.992374 109.663494 -19.730462 136.826002 -17.666825 -77.208704 -58.799373 90.561386 -18.126074 72.138345 -55.645034 -68.476000 23.645679 89.720243 -10.252110 32.728857 119.663350 127.551562 48.393762 -50.809904 142.940772 46.646012 -0.694019 61.920884 -99.509141 53.016222 -105.502977 -41.066534 28.325752 -110.325968 -30.021531 -17.760773 11.456471 -175.369643 148.761030 25.848645 62.893359 -156.104709 28.854592 -3.228600 -32.354150 -19.521927 -61.731804 -3.983695 -105.277392 0.387168 -13.989899 31.591522 16.131540 72.630262 -51.912202 -65.495764 -8.120311 -141.785760 9.507985 -16.238988 -144.026593 -136.854744 -49.723366 142.367627 -116.581701 -79.571271 -36.601014 -100.670860 -98.780760 55.069357 -52.120450 92.649874 30.380382 54.071119 120.722134 23.333472 -144.094821 -77.562718 99.929825 -83.617156 15.796372 76.170424 -101.494962 14.800231 -19.943971 -127.727564 -67.550515 177.587173 3.685512 -65.255482 -56.117907 
 fitted_sfs: 1160289.318545 646324.203652 467371.391513 373120.817258 313385.120045 271347.913814 239739.693904 214880.044559 194690.392522 177898.118745 163674.038288 151450.563800 140823.348319 131494.736150 123239.563536 115883.573211 109289.281830 103346.426712 97965.325510 93072.146900 88605.465963 84513.707399 80753.214492 77286.765737 74082.423227 71112.624332 68353.456976 65784.077921 63386.239516 61143.902093 59042.914318 57070.747365 55216.272978 53469.576546 51821.799447 50265.004762 48792.063066 47396.554282 46072.683626 44815.208561 43619.377030 42480.870301 41395.758133 40360.455296 39371.685833 38426.451338 37522.000370 36655.808451 35825.551143 35029.088764 34264.439625 33529.782614 32823.425395 32143.801149 31489.455778 30859.038039 30251.290612 29665.042422 29099.201060 28552.746525 28024.725317 27514.245396 27020.470690 26542.617537 26079.950022 25631.777017 25197.448354 24776.351994 24367.911527 23971.583123 23586.853752 23213.238650 22850.279841 22497.543825 22154.620402 21821.120752 21496.676400 21180.937647 20873.572498 20574.265640 20282.717224 19998.642087 19721.768731 19451.838614 19188.605225 18931.834212 18681.300927 18436.791504 18198.101757 17965.036551 17737.408677 17515.040174 17297.760035 17085.404595 16877.817203 16674.847638 16476.351974 16282.192041 16092.235379 15906.354720 15724.427924 15546.337550 15371.970830 15201.219228 15033.978396 14870.147916 14709.631161 14552.334998 14398.169831 14247.049132 14098.889859 13953.611438 13811.136120 13671.390427 13534.300944 13399.798391 13267.815557 13138.287474 13011.151187 12886.346129 12763.813559 12643.496833 12525.340967 12409.292517 12295.300029 12183.314739 12073.287220 11965.171164 11858.921252 11754.493613 11651.845768 11550.936408 11451.725550 11354.174333 11258.245299 11163.901487 11071.107834 10979.829718 10890.033701 10801.687330 10714.758997 10629.218036 10545.034603 10462.180073 10380.625302 10300.343794 10221.308617 10143.493795 10066.874136 9991.425041 9917.122603 9843.943577 9771.865255 9700.865568 9630.923063 9562.016734 9494.126251 9427.231523 9361.313370 9296.352825 9232.331407 9169.231210 9107.034669 9045.724722 8985.284644 8925.698196 8866.949360 8809.022940 8751.903529 8695.576405 8640.027189 8585.241752 8531.206398 8477.907593 8425.332286 8373.467587 8322.301012 8271.820277 8222.013421 8172.868744 8124.374706 8076.520255 8029.294319 7982.686323 7936.685684 7891.282241 7846.465888 7802.226893 7758.555608 7715.442689 7672.878916 7630.855306 7589.363028 7548.393464 7507.938187 7467.988915 7428.537552 7389.576142 7351.096949 7313.092532 7275.554856 7238.477167 7201.852155 7165.672768 7129.932142 7094.623506 7059.740259 7025.275934 6991.224101 6957.578719 6924.333477 6891.482490 6859.019755 6826.939640 6795.236425 6763.904558 6732.938625 6702.333256 6672.083219 6642.183351 6612.628694 6583.414076 6554.534796 6525.986056 6497.763140 6469.861489 6442.276541 6415.003867 6388.039095 6361.377943 6335.016233 6308.949830 6283.174625 6257.686679 6232.482055 6207.556936 6182.907536 6158.530077 6134.420923 6110.576615 6086.993489 6063.668128 6040.597094 6017.776997 5995.204747 5972.876909 5950.790373 5928.941968 5907.328656 5885.947412 5864.795257 5843.869273 5823.166532 5802.684257 5782.419659 5762.369996 5742.532588 5722.904707 5703.483827 5684.267377 5665.252810 5646.437663 5627.819449 5609.395804 5591.164330 5573.122772 5555.268757 5537.600046 5520.114428 5502.809716 5485.683666 5468.734472 5451.959694 5435.357422 5418.925617 5402.662279 5386.565554 5370.633360 5354.863871 5339.255198 5323.805520 5308.513002 5293.375869 5278.392316 5263.560672 5248.879204 5234.346219 5219.960074 5205.718843 5191.621833 5177.666392 5163.851506 5150.175515 5136.636890 5123.234170 5109.965893 5096.830558 5083.826815 5070.953199 5058.208300 5045.590793 5033.099343 5020.732553 5008.489218 4996.367984 4984.367539 4972.486677 4960.724193 4949.078770 4937.549362 4926.134642 4914.833511 4903.644798 4892.567363 4881.600099 4870.741907 4859.991682 4849.348386 4838.810937 4828.378281 4818.049409 4807.823235 4797.698986 4787.675492 4777.751698 4767.926779 4758.199837 4748.569873 4739.035914 4729.597108 4720.252594 4711.001448 4701.842804 4692.775809 4683.798912 4674.913405 4666.116330 4657.407606 4648.786407 4640.251943 4631.803474 4623.440200 4615.161357 4606.966214 4598.854055 4590.824078 4582.875644 4575.008020 4567.220499 4559.512393 4551.883046 4544.331766 4536.857888 4529.460785 4522.139789 4514.894274 4507.723615 4500.627211 4493.604469 4486.654673 4479.777370 4472.971909 4466.237726 4459.574259 4452.980934 4446.457206 4440.002524 4433.616366 4427.298168 4421.047439 4414.863633 4408.746285 4402.694850 4396.708839 4390.787790 4384.931178 4379.138559 4373.409459 4367.743402 4362.139948 4356.598625 4351.119026 4345.700613 4340.343167 4335.046060 4329.808932 4324.631409 4319.513000 4314.453375 4309.452118 4304.508825 4299.623138 4294.794637 4290.022987 4285.307787 4280.648670 4276.045332 4271.497357 4267.004422 4262.566179 4258.182285 4253.852415 4249.576231 4245.117012 4241.183373 4237.066597 4233.002002 4228.989485 4225.028811 4221.119635 4217.261699 4213.454692 4209.698346 4205.992374 4202.336506 4198.730462 4195.173998 4191.666825 4188.208704 4184.799373 4181.438614 4178.126074 4174.861655 4171.645034 4168.476000 4165.354321 4162.279757 4159.252110 4156.271143 4153.336650 4150.448438 4147.606238 4144.809904 4142.059228 4139.353988 4136.694019 4134.079116 4131.509141 4128.983778 4126.502977 4124.066534 4121.674248 4119.325968 4117.021531 4114.760773 4112.543529 4110.369643 4108.238970 4106.151355 4104.106641 4102.104709 4100.145408 4098.228600 4096.354150 4094.521927 4092.731804 4090.983695 4089.277392 4087.612832 4085.989899 4084.408478 4082.868460 4081.369738 4079.912202 4078.495764 4077.120311 4075.785760 4074.492015 4073.238988 4072.026593 4070.854744 4069.723366 4068.632373 4067.581701 4066.571271 4065.601014 4064.670860 4063.780760 4062.930643 4062.120450 4061.350126 4060.619618 4059.928881 4059.277866 4058.666528 4058.094821 4057.562718 4057.070175 4056.617156 4056.203628 4055.829576 4055.494962 4055.199769 4054.943971 4054.727564 4054.550515 4054.412827 4054.314488 4054.255482 2027.117907 
