0.0001
0.000133
0.000178
0.000237
0.000316
0.000421
0.000562
0.000749
0.000999
0.001332
0.001776
0.002368
0.003157
0.004209
0.005612
0.007483
0.009977
0.013303
0.017738
0.02365
0.031534
0.042045
0.05606
0.074747
0.099662
0.132883
0.177177
0.236236
0.314981
0.419975
0.559967
0.746622
0.995496
1.327328
2.0
>
-55958591.816999 170283.225456 111917183.633998
 1746664.945289  
>
-55755253.49711 162246.455774 111510510.99422
34.0 1757491.543409 250667.482611  
>
-55699474.92431 7591.663928 111398957.84862
10.0 28.0 1149909.302265 2014184.391105 1007789.476977  
>
-55699377.511171 3325.107356 111398767.022342
9.0 26.0 28.0 1007907.612298 1995825.342897 2096394.585559 1004777.388790  
