0.000100
0.000133
0.000178
0.000237
0.000316
0.000421
0.000562
0.000749
0.000999
0.001332
0.001776
0.002368
0.003157
0.004209
0.005612
0.007483
0.009977
0.013303
0.017738
0.023650
0.031534
0.042045
0.056060
0.074747
0.099662
0.132883
0.177177
0.236236
0.314981
0.419975
0.559967
0.746622
0.995496
1.327328
2.000000
 >
 log_likelihood: -55958591.816999 
 distance: 170283.225456 
 breakpoints: 
 thetas: 1746664.945289 
 se_thetas: 5918.500477 
 residues: -87696.358638 61760.362070 62485.430875 51513.084003 41248.568794 34804.967581 28144.458607 23354.130878 21163.589502 17719.197438 15932.185752 13016.708382 11768.487436 10342.752727 8644.406298 7810.374938 7777.131596 5225.377362 5347.771703 5039.441594 4358.347190 3938.183199 3473.261811 2952.678022 2348.951005 1954.288519 1834.572153 2135.128707 1220.343272 1227.149681 402.425694 405.314504 170.487271 208.359856 302.271815 111.636241 -206.935302 -860.527031 -366.830056 -876.065936 -760.924021 -1013.501639 -1175.261251 -1449.985976 -1362.745121 -1457.863627 -1822.890798 -1452.585094 -1781.884733 -1878.896752 -2198.864359 -2303.184083 -2342.361561 -2131.016051 -2386.867228 -2332.726222 -2316.487448 -2596.121936 -2361.670158 -2498.236611 -2539.984482 -2814.131379 -2439.943845 -2833.734887 -2797.859251 -2906.711343 -2844.721400 -2761.353129 -3191.101723 -2624.490700 -3066.070799 -3184.417379 -3048.129523 -3139.827549 -3003.152381 -3405.763511 -3176.338405 -3191.570884 -3339.170291 -3099.860657 -3177.379474 -3329.477151 -3283.916002 -3395.469716 -3495.922399 -3491.069418 -3652.713684 -3592.668065 -3496.753962 -3242.800677 -3622.643879 -3485.128318 -3657.104199 -3549.428219 -3550.963323 -3730.577994 -3480.146319 -3649.547314 -3563.665105 -3796.388267 -3663.609939 -3765.227296 -3673.141693 -3634.258100 -3678.485198 -3613.735097 -3718.923257 -3640.968117 -3621.791319 -3614.317016 -3572.472741 -3566.187735 -3512.393702 -3694.027428 -3425.023548 -3725.321743 -3847.863231 -3630.591163 -3927.450294 -3560.387727 -3730.351999 -3697.293636 -3866.164447 -3629.917383 -3878.507392 -3690.892687 -3722.028961 -3635.876031 -3717.394180 -3869.545001 -3780.291351 -3543.596998 -3939.426952 -3664.747129 -3772.524896 -3402.727520 -3737.324646 -3749.285795 -3712.581687 -3735.183926 -3603.064787 -3835.197411 -3582.555626 -3890.114662 -3782.848144 -3806.733645 -3641.747324 -3777.866379 -3599.068770 -3789.332897 -3792.637805 -3627.963141 -3628.288955 -3758.595902 -3715.865207 -3677.078398 -3919.217711 -3827.265353 -3714.204673 -3805.018977 -3723.691998 -3683.208082 -3716.551779 -3635.708142 -3709.662449 -3876.400477 -3843.908041 -3748.172062 -3740.178769 -3736.915276 -3668.368990 -3738.527460 -3824.378705 -3565.910748 -3588.112187 -3758.971635 -3630.478159 -3665.620931 -3717.389443 -3793.773408 -3818.762589 -3682.347382 -3836.517933 -3680.265042 -3611.579293 -3711.451810 -3697.873615 -3677.836199 -3551.331013 -3676.349864 -3593.884599 -3665.927310 -3749.470187 -3539.505638 -3539.026241 -3726.024678 -3714.493804 -3672.426578 -3600.816200 -3738.656245 -3493.939120 -3565.659334 -3530.810299 -3777.385755 -3575.379643 -3712.785956 -3610.598860 -3513.812646 -3482.421559 -3558.420412 -3684.803447 -3387.565545 -3534.701276 -3569.205768 -3502.073893 -3626.300727 -3548.881493 -3622.811403 -3530.085823 -3563.700151 -3606.650066 -3425.930788 -3565.538279 -3527.468256 -3678.716502 -3520.278999 -3331.151654 -3486.330531 -3601.811729 -3533.591430 -3467.665937 -3467.031560 -3303.684591 -3613.621553 -3443.838920 -3488.333306 -3622.101329 -3466.139560 -3457.444758 -3398.013945 -3505.843723 -3347.931078 -3557.272905 -3466.866135 -3448.708167 -3528.795761 -3492.126186 -3439.696560 -3444.504194 -3455.546370 -3441.820411 -3493.323701 -3420.053567 -3301.007553 -3465.183151 -3374.577888 -3378.189363 -3474.015052 -3460.052748 -3418.300129 -3459.754880 -3225.414791 -3429.277584 -3344.341157 -3444.603317 -3305.062088 -3341.715256 -3295.560809 -3331.596756 -3221.821113 -3263.231769 -3362.827351 -3387.605349 -3329.564148 -3364.701883 -3381.016729 -3251.507090 -3442.170947 -3237.006698 -3345.012612 -3353.187048 -3170.528317 -3272.034813 -3246.704853 -3276.536963 -3233.529542 -3231.681035 -3298.989951 -3338.454286 -3398.074169 -3294.846282 -3321.770154 -3309.844162 -3302.066892 -3295.437032 -3398.953250 -3201.614120 -3225.418471 -3357.364908 -3229.452116 -3190.678909 -3217.044071 -3260.546257 -3226.184441 -3204.957323 -3158.863657 -3230.902371 -3294.072376 -3259.372372 -3234.801519 -3208.358473 -3344.042270 -3285.851809 -3115.786026 -3331.843907 -3231.024433 -3222.326561 -3097.749356 -3164.291790 -3212.952874 -3156.731681 -3169.627142 -3219.638719 -3214.765171 -3213.005446 -3231.358879 -3135.824672 -3177.401836 -3139.089414 -3263.886654 -3230.792775 -3175.806879 -3133.928152 -3161.155801 -3279.487798 -3175.927073 -3248.469123 -3023.114460 -3034.862286 -3139.711856 -3268.662503 -3199.713449 -3141.863965 -3094.113376 -3069.461021 -3142.906081 -3244.448017 -3204.086111 -3144.819689 -3145.648098 -3268.570733 -2993.586922 -3102.696028 -3294.897478 -3067.190615 -3085.574850 -3116.049588 -2979.614271 -2957.268348 -3126.011040 -3142.842028 -3149.760637 -3047.766340 -3079.858603 -3065.036869 -3092.300620 -3116.649326 -3123.082500 -3106.599574 -2998.200106 -3085.883544 -2980.649481 -3163.497356 -3069.426709 -3006.437112 -3090.528030 -3134.699059 -3051.949736 -2945.279596 -3087.688223 -3109.175148 -3098.740004 -3040.382195 -3041.101672 -3064.897673 -3032.769895 -2970.718006 -3020.741465 -3052.840012 -3092.013223 -3129.260701 -3052.582118 -3054.977034 -3092.445154 -2923.986067 -3001.599410 -3063.284929 -3141.042174 -2963.870848 -3068.770608 -3097.741118 -3020.782068 -2976.893116 -3060.661246 -3043.323810 -2974.643761 -2994.032162 -2976.489063 -3015.014287 -3032.607457 -2930.268347 -2982.996634 -3028.792067 -2970.654354 -3046.583238 -2977.578434 -3004.639719 -2966.766786 -3052.959417 -3045.217345 -2895.540383 -2952.928096 -3119.380500 -2967.897212 -2987.478039 -2903.122751 -3019.831100 -2908.602909 -2954.437931 -2924.335966 -3037.296837 -2949.320235 -2961.406054 -2919.554086 -2967.764090 -2994.035922 -3006.369371 -2868.764332 -2942.220392 -2912.737600 -2941.315732 -2981.954564 -2993.653963 -2968.413767 -2880.233811 -2893.113927 -2906.053962 -3027.053773 -2850.113202 -2925.232088 -2914.410328 -2985.647761 -2886.944253 -2940.299664 -3055.713865 -2850.186729 -2889.718199 -2892.308002 -3002.956117 -3032.662426 -2931.426815 -2995.249172 -2991.129392 -2986.067359 -2985.062993 -2873.116172 -2872.226818 -2808.394835 -2954.620135 -2842.902631 -2922.242235 -2836.638875 -2959.092460 -2906.602934 -2940.170210 -2944.794222 -2901.474895 -2849.212190 -2967.006031 -2992.856355 -2917.763110 -2979.726240 -2902.745704 -2990.821451 -2961.953436 -2868.141611 -2924.385956 -2968.686420 -2928.042966 -2951.455560 -2874.924196 -2932.448827 -2869.029438 -2946.666002 -2893.358521 -2888.106952 -2908.911307 -2979.771573 -2972.687725 -1364.329889 
 fitted_sfs: 1748413.358638 875082.637930 583973.569125 438419.915997 351088.431206 292868.032419 251282.541393 220093.869122 195836.410498 176430.802562 160553.814248 147323.291618 136128.512564 126533.247273 118217.593702 110941.625062 104521.868404 98815.622638 93710.228297 89115.558406 84958.652810 81179.816801 77729.738189 74567.321978 71658.048995 68972.711481 66486.427847 64177.871293 62028.656728 60022.850319 58146.574306 56387.685496 54735.512729 53180.640144 51714.728185 50330.363759 49020.935302 47780.527031 46603.830056 45486.065936 44422.924021 43410.501639 42445.261251 41523.985976 40643.745121 39801.863627 38995.890798 38223.585094 37482.884733 36771.896752 36088.864359 35432.184083 34800.361561 34192.016051 33605.867228 33040.726222 32495.487448 31969.121936 31460.670158 30969.236611 30493.984482 30034.131379 29588.943845 29157.734887 28739.859251 28334.711343 27941.721400 27560.353129 27190.101723 26830.490700 26481.070799 26141.417379 25811.129523 25489.827549 25177.152381 24872.763511 24576.338405 24287.570884 24006.170291 23731.860657 23464.379474 23203.477151 22948.916002 22700.469716 22457.922399 22221.069418 21989.713684 21763.668065 21542.753962 21326.800677 21115.643879 20909.128318 20707.104199 20509.428219 20315.963323 20126.577994 19941.146319 19759.547314 19581.665105 19407.388267 19236.609939 19069.227296 18905.141693 18744.258100 18586.485198 18431.735097 18279.923257 18130.968117 17984.791319 17841.317016 17700.472741 17562.187735 17426.393702 17293.027428 17162.023548 17033.321743 16906.863231 16782.591163 16660.450294 16540.387727 16422.351999 16306.293636 16192.164447 16079.917383 15969.507392 15860.892687 15754.028961 15648.876031 15545.394180 15443.545001 15343.291351 15244.596998 15147.426952 15051.747129 14957.524896 14864.727520 14773.324646 14683.285795 14594.581687 14507.183926 14421.064787 14336.197411 14252.555626 14170.114662 14088.848144 14008.733645 13929.747324 13851.866379 13775.068770 13699.332897 13624.637805 13550.963141 13478.288955 13406.595902 13335.865207 13266.078398 13197.217711 13129.265353 13062.204673 12996.018977 12930.691998 12866.208082 12802.551779 12739.708142 12677.662449 12616.400477 12555.908041 12496.172062 12437.178769 12378.915276 12321.368990 12264.527460 12208.378705 12152.910748 12098.112187 12043.971635 11990.478159 11937.620931 11885.389443 11833.773408 11782.762589 11732.347382 11682.517933 11633.265042 11584.579293 11536.451810 11488.873615 11441.836199 11395.331013 11349.349864 11303.884599 11258.927310 11214.470187 11170.505638 11127.026241 11084.024678 11041.493804 10999.426578 10957.816200 10916.656245 10875.939120 10835.659334 10795.810299 10756.385755 10717.379643 10678.785956 10640.598860 10602.812646 10565.421559 10528.420412 10491.803447 10455.565545 10419.701276 10384.205768 10349.073893 10314.300727 10279.881493 10245.811403 10212.085823 10178.700151 10145.650066 10112.930788 10080.538279 10048.468256 10016.716502 9985.278999 9954.151654 9923.330531 9892.811729 9862.591430 9832.665937 9803.031560 9773.684591 9744.621553 9715.838920 9687.333306 9659.101329 9631.139560 9603.444758 9576.013945 9548.843723 9521.931078 9495.272905 9468.866135 9442.708167 9416.795761 9391.126186 9365.696560 9340.504194 9315.546370 9290.820411 9266.323701 9242.053567 9218.007553 9194.183151 9170.577888 9147.189363 9124.015052 9101.052748 9078.300129 9055.754880 9033.414791 9011.277584 8989.341157 8967.603317 8946.062088 8924.715256 8903.560809 8882.596756 8861.821113 8841.231769 8820.827351 8800.605349 8780.564148 8760.701883 8741.016729 8721.507090 8702.170947 8683.006698 8664.012612 8645.187048 8626.528317 8608.034813 8589.704853 8571.536963 8553.529542 8535.681035 8517.989951 8500.454286 8483.074169 8465.846282 8448.770154 8431.844162 8415.066892 8398.437032 8381.953250 8365.614120 8349.418471 8333.364908 8317.452116 8301.678909 8286.044071 8270.546257 8255.184441 8239.957323 8224.863657 8209.902371 8195.072376 8180.372372 8165.801519 8151.358473 8137.042270 8122.851809 8108.786026 8094.843907 8081.024433 8067.326561 8053.749356 8040.291790 8026.952874 8013.731681 8000.627142 7987.638719 7974.765171 7962.005446 7949.358879 7936.824672 7924.401836 7912.089414 7899.886654 7887.792775 7875.806879 7863.928152 7852.155801 7840.487798 7828.927073 7817.469123 7806.114460 7794.862286 7783.711856 7772.662503 7761.713449 7750.863965 7740.113376 7729.461021 7718.906081 7708.448017 7698.086111 7687.819689 7677.648098 7667.570733 7657.586922 7647.696028 7637.897478 7628.190615 7618.574850 7609.049588 7599.614271 7590.268348 7581.011040 7571.842028 7562.760637 7553.766340 7544.858603 7536.036869 7527.300620 7518.649326 7510.082500 7501.599574 7493.200106 7484.883544 7476.649481 7468.497356 7460.426709 7452.437112 7444.528030 7436.699059 7428.949736 7421.279596 7413.688223 7406.175148 7398.740004 7391.382195 7384.101672 7376.897673 7369.769895 7362.718006 7355.741465 7348.840012 7342.013223 7335.260701 7328.582118 7321.977034 7315.445154 7308.986067 7302.599410 7296.284929 7290.042174 7283.870848 7277.770608 7271.741118 7265.782068 7259.893116 7253.661246 7248.323810 7242.643761 7237.032162 7231.489063 7226.014287 7220.607457 7215.268347 7209.996634 7204.792067 7199.654354 7194.583238 7189.578434 7184.639719 7179.766786 7174.959417 7170.217345 7165.540383 7160.928096 7156.380500 7151.897212 7147.478039 7143.122751 7138.831100 7134.602909 7130.437931 7126.335966 7122.296837 7118.320235 7114.406054 7110.554086 7106.764090 7103.035922 7099.369371 7095.764332 7092.220392 7088.737600 7085.315732 7081.954564 7078.653963 7075.413767 7072.233811 7069.113927 7066.053962 7063.053773 7060.113202 7057.232088 7054.410328 7051.647761 7048.944253 7046.299664 7043.713865 7041.186729 7038.718199 7036.308002 7033.956117 7031.662426 7029.426815 7027.249172 7025.129392 7023.067359 7021.062993 7019.116172 7017.226818 7015.394835 7013.620135 7011.902631 7010.242235 7008.638875 7007.092460 7005.602934 7004.170210 7002.794222 7001.474895 7000.212190 6999.006031 6997.856355 6996.763110 6995.726240 6994.745704 6993.821451 6992.953436 6992.141611 6991.385956 6990.686420 6990.042966 6989.455560 6988.924196 6988.448827 6988.029438 6987.666002 6987.358521 6987.106952 6986.911307 6986.771573 6986.687725 3493.329889 
 >
 log_likelihood: -55755253.497110 
 distance: 162246.455774 
 breakpoints: 34 
 thetas: 1757491.543409 250667.482611 
 se_thetas: 5846.580008 210470.711816 
 residues: -96131.411654 58738.560900 61268.015562 51197.838089 41474.605726 35391.844107 28989.064320 24392.021793 22351.802978 19027.659643 17339.024821 14505.520428 13326.654098 11960.359587 10313.521833 9524.554795 9531.068671 7014.649071 7168.653779 6888.768416 6233.405373 5836.629375 5393.058270 4892.041779 4306.313040 3928.260854 3823.921036 4138.752582 3237.254540 3256.459507 2443.331265 2457.088276 2232.467844 2279.944192 2382.908571 2200.820023 1890.331092 1244.394230 1745.351236 1243.010166 1364.708393 1118.372777 962.562786 693.515239 786.178996 696.245696 336.181228 711.241022 386.499644 293.861788 -21.904865 -122.186903 -157.480702 57.603039 -194.647418 -137.035835 -117.449775 -393.853888 -156.282699 -289.835155 -328.669256 -599.997759 -223.082662 -614.232714 -575.798661 -682.171154 -617.776900 -532.076282 -959.561363 -390.752707 -830.198270 -946.470778 -808.166829 -897.904387 -759.322150 -1160.077502 -928.845907 -942.319290 -1088.205190 -847.225931 -923.117374 -1073.628384 -1026.519799 -1136.563907 -1235.543477 -1229.252605 -1389.492981 -1328.076314 -1230.822898 -975.560976 -1354.125198 -1215.359353 -1386.112718 -1277.241100 -1277.606595 -1456.076871 -1204.525235 -1372.829952 -1285.874431 -1517.546555 -1383.738803 -1484.347710 -1391.274020 -1351.422115 -1394.700110 -1329.019569 -1433.295429 -1354.445623 -1334.391307 -1326.056166 -1283.367280 -1276.253455 -1221.645970 -1402.481219 -1132.693432 -1432.221917 -1554.007527 -1335.993060 -1632.122930 -1264.343911 -1433.604221 -1399.854080 -1568.044998 -1331.129633 -1579.062657 -1390.802021 -1421.303145 -1334.525596 -1415.429410 -1566.975944 -1477.127824 -1239.848594 -1635.103046 -1359.856885 -1467.077275 -1096.731282 -1430.788361 -1442.217846 -1404.990273 -1427.077072 -1294.450346 -1526.083069 -1272.948907 -1580.022935 -1472.278616 -1495.693384 -1330.243251 -1465.905273 -1286.657272 -1476.477515 -1479.344918 -1314.239000 -1314.139689 -1444.027520 -1400.883601 -1361.689346 -1603.426880 -1511.078301 -1397.626853 -1488.055740 -1406.348594 -1365.489664 -1398.463404 -1317.254774 -1390.848961 -1557.231655 -1524.388580 -1428.306579 -1419.971795 -1416.371261 -1347.492307 -1417.322404 -1502.849498 -1244.061537 -1265.947047 -1436.494572 -1307.693112 -1342.531771 -1393.999975 -1470.087373 -1494.783666 -1358.079190 -1511.964030 -1355.428930 -1286.464413 -1386.061549 -1372.211306 -1351.905121 -1225.134392 -1349.890875 -1267.166367 -1338.952910 -1422.242647 -1212.027938 -1211.301316 -1398.055415 -1386.283050 -1343.977133 -1272.130822 -1409.737653 -1164.789988 -1236.282297 -1201.207956 -1447.560664 -1245.334325 -1382.522893 -1280.120501 -1183.121402 -1151.519806 -1227.310495 -1353.487673 -1056.046192 -1202.980587 -1237.285955 -1169.957138 -1293.989180 -1216.377274 -1290.116605 -1197.202507 -1230.630351 -1273.395791 -1092.494014 -1231.920959 -1193.672316 -1344.743841 -1186.131493 -996.831151 -1151.838858 -1267.150687 -1198.762795 -1132.671464 -1131.872981 -968.363614 -1278.139865 -1108.198187 -1152.535171 -1286.147416 -1130.031470 -1121.184074 -1061.602229 -1169.282518 -1011.221908 -1220.417274 -1129.865529 -1111.564055 -1191.509592 -1154.699391 -1102.130555 -1106.800377 -1117.706121 -1103.845095 -1155.214666 -1081.812143 -962.635058 -1126.680885 -1035.947136 -1039.431396 -1135.131125 -1121.044102 -1079.167991 -1120.500461 -886.039292 -1089.782188 -1004.727036 -1104.871629 -965.213979 -1001.751858 -955.483242 -991.406127 -881.518516 -922.818287 -1022.304057 -1046.973301 -988.824393 -1023.855458 -1040.064658 -910.450389 -1101.010617 -895.743733 -1003.647993 -1011.721747 -828.963295 -930.371021 -904.943233 -934.678445 -891.575049 -889.631479 -956.846234 -996.217299 -1055.744803 -952.425408 -979.258640 -967.242865 -959.376661 -952.658708 -1056.087665 -858.662098 -882.380829 -1014.242453 -886.245648 -847.389221 -873.671946 -917.092473 -882.649768 -861.342522 -815.169482 -887.129571 -950.221691 -915.444535 -890.797258 -864.278507 -999.887312 -941.622566 -771.483198 -987.468186 -886.576508 -877.807112 -753.159059 -819.631313 -868.222879 -811.932826 -824.760075 -874.704089 -869.763617 -867.937599 -886.225369 -790.626122 -832.138863 -793.762630 -918.496665 -885.340184 -830.292282 -788.352140 -815.518961 -933.790704 -830.170316 -902.653269 -677.240074 -688.929932 -793.722092 -922.615881 -853.610519 -795.705270 -747.899457 -723.192414 -796.583317 -898.071622 -857.656610 -798.337601 -799.113936 -921.985010 -646.950145 -756.008699 -948.160097 -720.403676 -738.738847 -769.165008 -632.681598 -610.288063 -778.983621 -795.767948 -802.640367 -700.600346 -732.647350 -717.780816 -745.000224 -769.305041 -775.694776 -759.168860 -650.726844 -738.368176 -633.092446 -815.899089 -721.787641 -658.757673 -742.808647 -786.940154 -704.151731 -597.442908 -739.813268 -761.262338 -750.789749 -692.394902 -693.077747 -716.837517 -684.673907 -622.586585 -672.575005 -704.638904 -743.777858 -780.991466 -704.279398 -706.641213 -744.076612 -575.585182 -653.166558 -714.820486 -792.546510 -615.344333 -720.213610 -749.154003 -672.165198 -628.246855 -711.983394 -694.619838 -625.911474 -645.271910 -627.701198 -666.199159 -683.765415 -581.399738 -634.101803 -679.871356 -621.708105 -697.611791 -628.582127 -655.618889 -617.721768 -703.890544 -696.124949 -546.424794 -603.789643 -770.219511 -618.714012 -638.272953 -553.896102 -670.583210 -559.334097 -605.148517 -575.026267 -687.967171 -599.970914 -612.037395 -570.166399 -618.357689 -644.611115 -656.926468 -519.303641 -592.742219 -563.242252 -591.803512 -632.425776 -644.108910 -618.852750 -530.657130 -543.521882 -556.446851 -677.431894 -500.476853 -575.581562 -564.745922 -635.969768 -537.252966 -590.595376 -705.996867 -500.457313 -539.976653 -542.554616 -653.191179 -682.886225 -581.639637 -645.451304 -641.321119 -636.248966 -635.234765 -523.278392 -522.379771 -458.538803 -604.755399 -493.029474 -572.360937 -486.749717 -609.195722 -556.698896 -590.259150 -594.876420 -551.550629 -499.281738 -617.069671 -642.914363 -567.815764 -629.773816 -552.788479 -640.859700 -611.987435 -518.171635 -574.412281 -618.709321 -578.062716 -601.472435 -524.938470 -582.460775 -519.039333 -596.674118 -543.365133 -538.112333 -558.915730 -629.775312 -622.691054 -189.331485 
 fitted_sfs: 1756848.411654 878104.439100 585190.984438 438735.161911 350862.394274 292281.155893 250437.935680 219055.978207 194648.197022 175122.340357 159146.975179 145834.479572 134570.345902 124915.640413 116548.478167 109227.445205 102767.931329 97026.350929 91889.346221 87266.231584 83083.594627 79281.370625 75809.941730 72627.958221 69700.686960 66998.739146 64497.078964 62174.247418 60011.745460 57993.540493 56105.668735 54335.911724 52673.532156 51109.055808 49634.091429 48241.179977 46923.668908 45675.605770 44491.648764 43366.989834 42297.291607 41278.627223 40307.437214 39380.484761 38494.821004 37647.754304 36836.818772 36059.758978 35314.500356 34599.138212 33911.904865 33251.186903 32615.480702 32003.396961 31413.647418 30845.035835 30296.449775 29766.853888 29255.282699 28760.835155 28282.669256 27819.997759 27372.082662 26938.232714 26517.798661 26110.171154 25714.776900 25331.076282 24958.561363 24596.752707 24245.198270 23903.470778 23571.166829 23247.904387 22933.322150 22627.077502 22328.845907 22038.319290 21755.205190 21479.225931 21210.117374 20947.628384 20691.519799 20441.563907 20197.543477 19959.252605 19726.492981 19499.076314 19276.822898 19059.560976 18847.125198 18639.359353 18436.112718 18237.241100 18042.606595 17852.076871 17665.525235 17482.829952 17303.874431 17128.546555 16956.738803 16788.347710 16623.274020 16461.422115 16302.700110 16147.019569 15994.295429 15844.445623 15697.391307 15553.056166 15411.367280 15272.253455 15135.645970 15001.481219 14869.693432 14740.221917 14613.007527 14487.993060 14365.122930 14244.343911 14125.604221 14008.854080 13894.044998 13781.129633 13670.062657 13560.802021 13453.303145 13347.525596 13243.429410 13140.975944 13040.127824 12940.848594 12843.103046 12746.856885 12652.077275 12558.731282 12466.788361 12376.217846 12286.990273 12199.077072 12112.450346 12027.083069 11942.948907 11860.022935 11778.278616 11697.693384 11618.243251 11539.905273 11462.657272 11386.477515 11311.344918 11237.239000 11164.139689 11092.027520 11020.883601 10950.689346 10881.426880 10813.078301 10745.626853 10679.055740 10613.348594 10548.489664 10484.463404 10421.254774 10358.848961 10297.231655 10236.388580 10176.306579 10116.971795 10058.371261 10000.492307 9943.322404 9886.849498 9831.061537 9775.947047 9721.494572 9667.693112 9614.531771 9561.999975 9510.087373 9458.783666 9408.079190 9357.964030 9308.428930 9259.464413 9211.061549 9163.211306 9115.905121 9069.134392 9022.890875 8977.166367 8931.952910 8887.242647 8843.027938 8799.301316 8756.055415 8713.283050 8670.977133 8629.130822 8587.737653 8546.789988 8506.282297 8466.207956 8426.560664 8387.334325 8348.522893 8310.120501 8272.121402 8234.519806 8197.310495 8160.487673 8124.046192 8087.980587 8052.285955 8016.957138 7981.989180 7947.377274 7913.116605 7879.202507 7845.630351 7812.395791 7779.494014 7746.920959 7714.672316 7682.743841 7651.131493 7619.831151 7588.838858 7558.150687 7527.762795 7497.671464 7467.872981 7438.363614 7409.139865 7380.198187 7351.535171 7323.147416 7295.031470 7267.184074 7239.602229 7212.282518 7185.221908 7158.417274 7131.865529 7105.564055 7079.509592 7053.699391 7028.130555 7002.800377 6977.706121 6952.845095 6928.214666 6903.812143 6879.635058 6855.680885 6831.947136 6808.431396 6785.131125 6762.044102 6739.167991 6716.500461 6694.039292 6671.782188 6649.727036 6627.871629 6606.213979 6584.751858 6563.483242 6542.406127 6521.518516 6500.818287 6480.304057 6459.973301 6439.824393 6419.855458 6400.064658 6380.450389 6361.010617 6341.743733 6322.647993 6303.721747 6284.963295 6266.371021 6247.943233 6229.678445 6211.575049 6193.631479 6175.846234 6158.217299 6140.744803 6123.425408 6106.258640 6089.242865 6072.376661 6055.658708 6039.087665 6022.662098 6006.380829 5990.242453 5974.245648 5958.389221 5942.671946 5927.092473 5911.649768 5896.342522 5881.169482 5866.129571 5851.221691 5836.444535 5821.797258 5807.278507 5792.887312 5778.622566 5764.483198 5750.468186 5736.576508 5722.807112 5709.159059 5695.631313 5682.222879 5668.932826 5655.760075 5642.704089 5629.763617 5616.937599 5604.225369 5591.626122 5579.138863 5566.762630 5554.496665 5542.340184 5530.292282 5518.352140 5506.518961 5494.790704 5483.170316 5471.653269 5460.240074 5448.929932 5437.722092 5426.615881 5415.610519 5404.705270 5393.899457 5383.192414 5372.583317 5362.071622 5351.656610 5341.337601 5331.113936 5320.985010 5310.950145 5301.008699 5291.160097 5281.403676 5271.738847 5262.165008 5252.681598 5243.288063 5233.983621 5224.767948 5215.640367 5206.600346 5197.647350 5188.780816 5180.000224 5171.305041 5162.694776 5154.168860 5145.726844 5137.368176 5129.092446 5120.899089 5112.787641 5104.757673 5096.808647 5088.940154 5081.151731 5073.442908 5065.813268 5058.262338 5050.789749 5043.394902 5036.077747 5028.837517 5021.673907 5014.586585 5007.575005 5000.638904 4993.777858 4986.991466 4980.279398 4973.641213 4967.076612 4960.585182 4954.166558 4947.820486 4941.546510 4935.344333 4929.213610 4923.154003 4917.165198 4911.246855 4904.983394 4899.619838 4893.911474 4888.271910 4882.701198 4877.199159 4871.765415 4866.399738 4861.101803 4855.871356 4850.708105 4845.611791 4840.582127 4835.618889 4830.721768 4825.890544 4821.124949 4816.424794 4811.789643 4807.219511 4802.714012 4798.272953 4793.896102 4789.583210 4785.334097 4781.148517 4777.026267 4772.967171 4768.970914 4765.037395 4761.166399 4757.357689 4753.611115 4749.926468 4746.303641 4742.742219 4739.242252 4735.803512 4732.425776 4729.108910 4725.852750 4722.657130 4719.521882 4716.446851 4713.431894 4710.476853 4707.581562 4704.745922 4701.969768 4699.252966 4696.595376 4693.996867 4691.457313 4688.976653 4686.554616 4684.191179 4681.886225 4679.639637 4677.451304 4675.321119 4673.248966 4671.234765 4669.278392 4667.379771 4665.538803 4663.755399 4662.029474 4660.360937 4658.749717 4657.195722 4655.698896 4654.259150 4652.876420 4651.550629 4650.281738 4649.069671 4647.914363 4646.815764 4645.773816 4644.788479 4643.859700 4642.987435 4642.171635 4641.412281 4640.709321 4640.062716 4639.472435 4638.938470 4638.460775 4638.039333 4637.674118 4637.365133 4637.112333 4636.915730 4636.775312 4636.691054 2318.331485 
 >
 log_likelihood: -55699474.924310 
 distance: 7591.663928 
 breakpoints: 10 28 
 thetas: 1149909.302265 2014184.391105 1007789.476977 
 se_thetas: 1279.686196 597.674726 2992.346819 
 residues: -1086.699347 5567.376242 182.653010 -1407.173541 -2071.221460 -797.678936 -1499.689815 -1669.179573 -215.274562 -729.062208 -115.618693 -1032.251671 -592.014395 -573.688897 -1023.674275 -768.404946 156.653003 -1545.958065 -666.329835 -295.533849 -364.436628 -230.201418 -190.963586 -251.334975 -433.510005 -440.807604 -203.535961 426.897660 -182.306228 108.226151 -452.502357 -203.489222 -208.429328 44.534810 340.019637 338.573156 197.819135 -288.421089 362.974055 2.514223 258.170452 138.441987 102.408123 -53.222116 146.930408 158.950436 -104.337684 362.651750 125.295456 115.777424 -120.881583 -145.828248 -109.341319 174.171000 -12.815293 107.070344 186.102338 -33.533043 258.270228 176.544377 187.253940 -36.699086 385.530491 37.734601 117.656774 50.995088 153.406135 275.507893 -117.117768 485.078094 77.613226 -8.023187 159.630917 98.012890 263.536506 -111.406043 144.556858 154.777870 31.591768 294.316466 239.254274 108.692663 174.905315 83.152826 1.683667 24.733932 -119.469928 -42.712426 69.212143 338.500351 -26.659135 124.912857 -33.611415 86.932886 97.703501 -70.148299 191.522383 32.854658 128.981858 -93.967910 48.128277 -44.611390 55.926556 102.851323 66.267889 138.277268 39.976647 124.459700 149.816515 163.134116 210.495956 221.983074 280.673661 103.641383 376.960199 80.699668 -38.072691 182.708382 -110.893856 259.181402 91.993150 127.598241 -38.948115 199.407773 -47.282454 142.029988 112.394866 199.858578 119.466590 -31.737100 58.290098 295.589616 -99.798470 175.164805 67.516954 437.295074 102.534238 90.269154 126.533315 103.359214 234.778509 1.821899 253.519263 -55.100802 50.991010 25.821074 189.416373 51.802895 229.005825 37.049768 31.958620 194.755614 192.463450 60.104178 100.699225 137.269581 -107.164461 -17.582812 93.033649 -0.296140 78.446278 116.278757 80.218829 158.283507 81.489478 -88.147073 -58.610153 34.115336 39.044793 39.192876 104.573905 31.201959 -57.909332 197.253521 171.703500 -2.546558 122.515764 83.902692 28.626121 -51.302312 -79.871117 52.930672 -104.885921 47.689596 112.667755 9.058638 18.872296 35.118384 157.806488 28.945877 107.545706 31.614887 -55.837812 150.196152 146.725135 -44.242647 -36.699169 1.363458 68.952895 -72.923514 167.742282 91.956886 122.727559 -127.938713 69.964864 -71.555008 26.508202 119.160890 146.409427 66.259757 -64.281849 228.790407 77.482482 38.799916 101.748372 -26.666667 46.560141 -31.565897 56.960381 19.144076 -28.009937 148.503480 4.688939 38.551173 -116.905161 37.324423 222.244429 62.859219 -56.826897 7.190300 68.914921 65.351037 224.502703 -89.626211 75.968173 27.289606 -110.658186 41.128522 45.653306 100.919544 -11.069138 142.690610 -70.797827 15.468887 29.493758 -54.719813 -22.168779 26.149980 17.239437 2.102564 11.742284 -43.838541 25.362970 140.349533 -27.876118 58.688706 51.046632 -48.799655 -38.847691 -1.094958 -46.538958 183.822722 -24.007478 56.972750 -47.234239 88.373747 47.799045 90.043844 50.110303 156.000564 110.716837 7.260832 -21.365002 32.841177 -6.118636 -26.242484 99.471426 -94.974847 106.420470 -5.340777 -17.256813 161.674158 56.453864 78.084075 44.566413 83.902571 82.094202 11.142908 -31.949383 -95.182155 4.447365 -26.059930 -17.702403 -13.478559 -10.386981 -117.426248 76.405114 49.108404 -86.314940 38.136457 73.463880 43.668625 -3.247938 27.715349 45.559812 88.286736 12.897285 -53.607374 -22.225943 -0.957432 22.199474 -116.754168 -61.817216 105.011439 -114.267129 -16.651855 -11.141659 110.264459 40.567556 -11.231343 41.868739 25.868869 -27.230243 -25.427427 -26.721645 -48.112119 44.402012 -0.178270 35.147990 -92.618391 -62.476586 -10.425689 28.535139 -1.593276 -122.809304 -22.114579 -97.505850 125.016831 110.454269 2.807228 -128.923579 -62.737374 -7.633413 37.389007 59.330577 -16.807912 -121.025858 -83.322543 -26.697284 -30.149413 -155.678298 116.716731 5.036323 -189.718924 35.451644 14.548630 -18.427361 115.524250 135.404033 -35.787298 -55.049330 -64.381421 35.216972 0.746390 13.207392 -16.399497 -43.073743 -51.814846 -37.622253 68.504504 -21.434041 81.562551 -103.505183 -11.636774 49.168222 -37.089683 -83.410064 -2.792462 101.763585 -42.741501 -66.307262 -57.933308 -1.619106 -4.364478 -30.168784 -0.031686 60.047168 8.068270 -25.968078 -67.061467 -106.211508 -31.417860 -35.680109 -74.997940 91.629039 12.201185 -51.281220 -130.817765 44.591860 -62.052010 -92.749043 -17.498929 24.698662 -60.884138 -45.062187 21.979374 0.969905 16.909471 -23.201716 -42.363313 58.424922 4.163293 -43.147945 13.491489 -63.918149 3.623414 -24.883590 11.561123 -76.042222 -69.693369 78.607884 19.861900 -147.931255 2.228745 -18.657898 64.409038 -53.570212 56.404537 9.333517 38.216927 -75.945052 10.847850 -2.404237 38.298890 -11.042552 -38.428407 -51.858477 84.667364 10.149445 38.587789 8.982598 -32.665928 -45.357649 -21.092406 66.129958 52.309603 38.446679 -83.458675 92.593691 16.603930 26.572153 -45.501493 52.383124 -1.773864 -117.972331 86.787843 46.506738 43.184566 -68.178620 -98.582709 1.972410 -62.513157 -59.039308 -54.605936 -54.212957 57.139739 57.452231 120.724611 -26.043036 85.149373 5.301922 90.414682 -32.512264 19.521143 -14.485016 -19.530678 23.384227 75.259744 -42.904060 -69.107124 5.650601 -56.630831 20.048622 -68.310993 -39.709633 53.852748 -2.623828 -47.139314 -6.693676 -30.286884 46.081075 -11.589759 51.700630 -26.047735 27.165150 32.339319 11.474767 -59.428494 -52.370447 95.824450 
 fitted_sfs: 1661803.699347 931275.623758 646276.346990 491340.173541 394408.221460 328470.678936 280926.689815 245117.179573 217215.274562 194879.062208 176601.618693 161372.251671 148489.014395 137449.688897 127885.674275 119520.404946 112142.346997 105586.958065 99724.329835 94450.533849 89681.436628 85348.201418 81393.963586 77771.334975 74440.510005 71367.807604 68524.535961 65886.102340 63431.306228 61141.773849 59001.502357 56996.489222 55114.429328 53344.465190 51676.980363 50103.426844 48616.180865 47208.421089 45874.025945 44607.485777 43403.829548 42258.558013 41167.591877 40127.222116 39134.069592 38185.049564 37277.337684 36408.348250 35575.704544 34777.222576 34010.881583 33274.828248 32567.341319 31886.829000 31231.815293 30600.929656 29992.897662 29406.533043 28840.729772 28294.455623 27766.746060 27256.699086 26763.469509 26286.265399 25824.343226 25377.004912 24943.593865 24523.492107 24116.117768 23720.921906 23337.386774 22965.023187 22603.369083 22251.987110 21910.463494 21578.406043 21255.443142 20941.222130 20635.408232 20337.683534 20047.745726 19765.307337 19490.094685 19221.847174 18960.316333 18705.266068 18456.469928 18213.712426 17976.787857 17745.499649 17519.659135 17299.087143 17083.611415 16873.067114 16667.296499 16466.148299 16269.477617 16077.145342 15889.018142 15704.967910 15524.871723 15348.611390 15176.073444 15007.148677 14841.732111 14679.722732 14521.023353 14365.540300 14213.183485 14063.865884 13917.504044 13774.016926 13633.326339 13495.358617 13360.039801 13227.300332 13097.072691 12969.291618 12843.893856 12720.818598 12600.006850 12481.401759 12364.948115 12250.592227 12138.282454 12027.970012 11919.605134 11813.141422 11708.533410 11605.737100 11504.709902 11405.410384 11307.798470 11211.835195 11117.483046 11024.704926 10933.465762 10843.730846 10755.466685 10668.640786 10583.221491 10499.178101 10416.480737 10335.100802 10255.008990 10176.178926 10098.583627 10022.197105 9946.994175 9872.950232 9800.041380 9728.244386 9657.536550 9587.895822 9519.300775 9451.730419 9385.164461 9319.582812 9254.966351 9191.296140 9128.553722 9066.721243 9005.781171 8945.716493 8886.510522 8828.147073 8770.610153 8713.884664 8657.955207 8602.807124 8548.426095 8494.798041 8441.909332 8389.746479 8338.296500 8287.546558 8237.484236 8188.097308 8139.373879 8091.302312 8043.871117 7997.069328 7950.885921 7905.310404 7860.332245 7815.941362 7772.127704 7728.881616 7686.193512 7644.054123 7602.454294 7561.385113 7520.837812 7480.803848 7441.274865 7402.242647 7363.699169 7325.636542 7288.047105 7250.923514 7214.257718 7178.043114 7142.272441 7106.938713 7072.035136 7037.555008 7003.491798 6969.839110 6936.590573 6903.740243 6871.281849 6839.209593 6807.517518 6776.200084 6745.251628 6714.666667 6684.439859 6654.565897 6625.039619 6595.855924 6567.009937 6538.496520 6510.311061 6482.448827 6454.905161 6427.675577 6400.755571 6374.140781 6347.826897 6321.809700 6296.085079 6270.648963 6245.497297 6220.626211 6196.031827 6171.710394 6147.658186 6123.871478 6100.346694 6077.080456 6054.069138 6031.309390 6008.797827 5986.531113 5964.506242 5942.719813 5921.168779 5899.850020 5878.760563 5857.897436 5837.257716 5816.838541 5796.637030 5776.650467 5756.876118 5737.311294 5717.953368 5698.799655 5679.847691 5661.094958 5642.538958 5624.177278 5606.007478 5588.027250 5570.234239 5552.626253 5535.200955 5517.956156 5500.889697 5483.999436 5467.283163 5450.739168 5434.365002 5418.158823 5402.118636 5386.242484 5370.528574 5354.974847 5339.579530 5324.340777 5309.256813 5294.325842 5279.546136 5264.915925 5250.433587 5236.097429 5221.905798 5207.857092 5193.949383 5180.182155 5166.552635 5153.059930 5139.702403 5126.478559 5113.386981 5100.426248 5087.594886 5074.891596 5062.314940 5049.863543 5037.536120 5025.331375 5013.247938 5001.284651 4989.440188 4977.713264 4966.102715 4954.607374 4943.225943 4931.957432 4920.800526 4909.754168 4898.817216 4887.988561 4877.267129 4866.651855 4856.141659 4845.735541 4835.432444 4825.231343 4815.131261 4805.131131 4795.230243 4785.427427 4775.721645 4766.112119 4756.597988 4747.178270 4737.852010 4728.618391 4719.476586 4710.425689 4701.464861 4692.593276 4683.809304 4675.114579 4666.505850 4657.983169 4649.545731 4641.192772 4632.923579 4624.737374 4616.633413 4608.610993 4600.669423 4592.807912 4585.025858 4577.322543 4569.697284 4562.149413 4554.678298 4547.283269 4539.963677 4532.718924 4525.548356 4518.451370 4511.427361 4504.475750 4497.595967 4490.787298 4484.049330 4477.381421 4470.783028 4464.253610 4457.792608 4451.399497 4445.073743 4438.814846 4432.622253 4426.495496 4420.434041 4414.437449 4408.505183 4402.636774 4396.831778 4391.089683 4385.410064 4379.792462 4374.236415 4368.741501 4363.307262 4357.933308 4352.619106 4347.364478 4342.168784 4337.031686 4331.952832 4326.931730 4321.968078 4317.061467 4312.211508 4307.417860 4302.680109 4297.997940 4293.370961 4288.798815 4284.281220 4279.817765 4275.408140 4271.052010 4266.749043 4262.498929 4258.301338 4253.884138 4250.062187 4246.020626 4242.030095 4238.090529 4234.201716 4230.363313 4226.575078 4222.836707 4219.147945 4215.508511 4211.918149 4208.376586 4204.883590 4201.438877 4198.042222 4194.693369 4191.392116 4188.138100 4184.931255 4181.771255 4178.657898 4175.590962 4172.570212 4169.595463 4166.666483 4163.783073 4160.945052 4158.152150 4155.404237 4152.701110 4150.042552 4147.428407 4144.858477 4142.332636 4139.850555 4137.412211 4135.017402 4132.665928 4130.357649 4128.092406 4125.870042 4123.690397 4121.553321 4119.458675 4117.406309 4115.396070 4113.427847 4111.501493 4109.616876 4107.773864 4105.972331 4104.212157 4102.493262 4100.815434 4099.178620 4097.582709 4096.027590 4094.513157 4093.039308 4091.605936 4090.212957 4088.860261 4087.547769 4086.275389 4085.043036 4083.850627 4082.698078 4081.585318 4080.512264 4079.478857 4078.485016 4077.530678 4076.615773 4075.740256 4074.904060 4074.107124 4073.349399 4072.630831 4071.951378 4071.310993 4070.709633 4070.147252 4069.623828 4069.139314 4068.693676 4068.286884 4067.918925 4067.589759 4067.299370 4067.047735 4066.834850 4066.660681 4066.525233 4066.428494 4066.370447 2033.175550 
 >
 log_likelihood: -55699377.511171 
 distance: 3325.107356 
 breakpoints: 9 26 28 
 thetas: 1007907.612298 1995825.342897 2096394.585559 1004777.388790 
 se_thetas: 752.993993 312.809543 6595.443224 1976.985710 
 residues: 69.250379 -267.439227 -678.832098 -32.808247 -85.132139 1173.937852 266.675108 -138.821535 1098.863592 399.828267 857.550831 -189.864492 139.867549 64.039240 -466.863287 -281.702997 582.161009 -1174.215101 -342.101656 -13.515034 -120.087324 -19.608358 -10.731064 -98.498664 -305.467810 -335.263795 -118.455780 493.325376 -132.912486 142.037491 -432.967160 -197.050998 -214.020525 27.883307 313.189828 302.369647 152.977568 -341.226742 302.823001 -64.413292 184.990698 59.493590 18.138045 -142.400251 53.227521 61.078520 -206.048369 257.409648 16.808022 4.311528 -235.077752 -262.522231 -228.316143 53.118240 -135.756104 -17.580696 59.907692 -161.115047 129.447442 46.618388 56.353938 -168.451698 253.039338 -95.387825 -15.996065 -83.093258 18.971585 140.811181 -251.997504 350.089824 -57.413427 -143.022179 24.721801 -36.747776 128.979459 -245.707534 10.559830 21.131338 -101.660949 161.498334 106.909071 -23.143550 43.611980 -47.565792 -128.430360 -104.747386 -248.292238 -170.851072 -58.219732 211.796884 -152.614049 -0.274613 -158.013842 -36.668117 -25.080836 -192.101826 70.412784 -87.398889 9.595559 -212.476661 -69.493467 -161.337479 -59.895989 -12.060522 -47.726795 25.205549 -72.166930 13.248840 39.542387 53.800175 102.105178 114.537905 174.176040 -1.907014 272.362098 -22.947412 -140.768402 80.964029 -211.687232 159.338315 -6.900656 29.652428 -135.947514 103.352897 -142.394954 47.857624 19.159999 107.558410 28.098109 -122.177099 -31.224801 206.996247 -187.474040 88.403137 -18.334832 352.348953 18.489488 7.121333 44.277861 21.991463 154.293683 -77.784874 174.785572 -132.966416 -26.011750 -50.324000 114.123706 -22.642714 155.401869 -35.718001 -39.978479 123.643623 122.170954 -9.374474 32.028735 69.401530 -174.235815 -83.863266 27.538304 -65.012196 14.503664 53.103732 17.805521 96.626040 20.581962 -148.310529 -118.035464 -24.577701 -18.921883 -18.053339 48.042260 -24.621006 -113.029493 142.830287 117.971335 -55.593507 70.148197 32.208684 -22.400133 -101.666598 -129.579219 3.873012 -153.298880 -0.084365 65.527097 -37.454378 -27.018727 -10.156262 113.142624 -15.112769 64.086736 -11.249918 -98.113941 108.503243 105.610021 -84.785366 -76.674860 -38.050545 30.095274 -111.229999 129.981634 54.736887 86.043034 -164.092912 34.335878 -106.663863 -8.085569 85.077190 112.830810 33.181296 -96.865075 196.697545 45.875129 7.673273 71.097663 -56.846181 16.847122 -60.817092 28.166380 -9.197333 -55.903305 121.053607 -22.321929 11.974855 -143.051355 11.603970 196.945362 37.977221 -81.296111 -16.870378 45.258566 42.094828 201.642491 -112.094533 53.887662 5.592869 -131.975154 20.187344 25.083974 80.718167 -30.906437 123.213553 -89.918450 -3.299083 11.074723 -72.793626 -39.901041 8.755625 0.179384 -14.626761 -4.659855 -59.917002 9.604703 124.908014 -43.004303 43.870473 36.534999 -63.008017 -52.756072 -14.706615 -59.857122 170.794851 -36.748229 44.515980 -59.410143 76.475636 36.175671 78.692182 39.027359 145.183372 100.162446 -3.033635 -31.402447 23.057902 -15.650568 -35.525874 90.433818 -103.769425 97.866205 -13.657421 -25.338499 153.824791 48.834204 70.691531 37.398427 76.956607 75.367748 4.633480 -38.244287 -101.264883 -1.425661 -31.725627 -23.163136 -18.736673 -15.444791 -122.286046 71.741054 44.637840 -90.594234 34.046227 69.560535 39.950009 -6.783965 24.359804 42.382656 85.285892 10.070703 -56.261718 -24.710065 -3.273308 20.049870 -118.739443 -63.640091 103.349056 -115.770907 -17.998894 -12.333810 109.225370 39.679719 -11.969722 41.278046 25.424097 -27.530807 -25.585505 -26.738953 -47.990337 44.661229 0.216736 35.677147 -91.956697 -61.683945 -9.503682 29.584948 -0.417212 -121.508614 -20.690576 -95.960134 126.682779 112.238980 4.709251 -126.905678 -60.605016 -5.388005 39.746073 61.797929 -14.231643 -118.342015 -80.532460 -23.802281 -27.150796 -152.577357 119.918718 8.338090 -186.318626 38.949234 18.142287 -14.738849 119.306420 139.278678 -31.821363 -50.993259 -60.236365 39.449875 5.066017 17.612627 -11.909754 -38.500583 -47.159345 -32.885482 73.321491 -16.537885 86.536846 -98.453775 -6.509265 54.370831 -31.812968 -78.060222 2.629536 107.256777 -37.178066 -60.674525 -52.232198 4.149445 1.470620 -24.268050 5.933788 66.076504 14.160585 -19.813647 -60.845777 -99.935409 -25.082188 -29.285700 -68.545613 98.138466 18.766904 -44.660001 -124.141840 51.321709 -55.269011 -85.913663 -10.611926 31.636536 -53.928940 -38.024836 29.065421 8.103893 24.090677 -15.973996 -35.089785 65.743565 11.526361 -35.741133 20.941369 -56.425870 11.157428 -17.308497 19.176643 -68.386919 -61.998922 86.340846 27.632739 -140.123152 10.073494 -10.777114 72.325253 -45.619169 64.389816 17.352441 46.268912 -67.860583 18.964222 5.743472 46.477372 -2.833860 -30.190059 -43.591025 92.963379 18.473468 46.939287 17.361039 -24.261077 -36.926913 -12.636307 74.610902 60.814877 46.975772 -74.906269 101.168906 25.201453 35.191487 -36.860839 61.044607 6.907961 -109.270648 95.508904 55.246703 51.942954 -59.402280 -89.788885 10.783251 -53.685762 -50.195821 -45.746815 -45.338658 66.028761 66.355525 129.641727 -17.112544 94.092795 14.257830 99.382635 -23.532705 28.511871 -5.483555 -10.518919 32.405851 84.290802 -33.863996 -60.058484 14.707392 -47.566316 29.120436 -59.232302 -30.624487 62.943927 6.472965 -38.037327 2.413087 -21.175764 55.196137 -2.471174 60.822323 -16.923349 36.291815 41.467847 20.604744 -50.297482 -43.238815 100.390370 
 fitted_sfs: 1660647.749621 937110.439227 647137.832098 489965.808247 392422.132139 326499.062148 279160.324892 243586.821535 215901.136408 193750.171733 175628.449169 160529.864492 147757.132451 136811.960760 127328.863287 119033.702997 111716.838991 105215.215101 99400.101656 94168.515034 89437.087324 85137.608358 81213.731064 77618.498664 74312.467810 71262.263795 68439.455780 65819.674624 63381.912486 61107.962509 58981.967160 56990.050998 55120.020525 53361.116693 51703.810172 50139.630353 48661.022432 47261.226742 45934.176999 44674.413292 43477.009302 42337.506410 41251.861955 40216.400251 39227.772479 38282.921480 37379.048369 36513.590352 35684.191978 34888.688472 34125.077752 33391.522231 32686.316143 32007.881760 31354.756104 30725.580696 30119.092308 29534.115047 28969.552558 28424.381612 27897.646062 27388.451698 26895.960662 26419.387825 25957.996065 25511.093258 25078.028415 24658.188819 24250.997504 23855.910176 23472.413427 23100.022179 22738.278199 22386.747776 22045.020541 21712.707534 21389.440170 21074.868662 20768.660949 20470.501666 20180.090929 19897.143550 19621.388020 19352.565792 19090.430360 18834.747386 18585.292238 18341.851072 18104.219732 17872.203116 17645.614049 17424.274613 17208.013842 16996.668117 16790.080836 16588.101826 16390.587216 16197.398889 16008.404441 15823.476661 15642.493467 15465.337479 15291.895989 15122.060522 14955.726795 14792.794451 14633.166930 14476.751160 14323.457613 14173.199825 14025.894822 13881.462095 13739.823960 13600.907014 13464.637902 13330.947412 13199.768402 13071.035971 12944.687232 12820.661685 12698.900656 12579.347572 12461.947514 12346.647103 12233.394954 12122.142376 12012.840001 11905.441590 11799.901891 11696.177099 11594.224801 11494.003753 11395.474040 11298.596863 11203.334832 11109.651047 11017.510512 10926.878667 10837.722139 10750.008537 10663.706317 10578.784874 10495.214428 10412.966416 10332.011750 10252.324000 10173.876294 10096.642714 10020.598131 9945.718001 9871.978479 9799.356377 9727.829046 9657.374474 9587.971265 9519.598470 9452.235815 9385.863266 9320.461696 9256.012196 9192.496336 9129.896268 9068.194479 9007.373960 8947.418038 8888.310529 8830.035464 8772.577701 8715.921883 8660.053339 8604.957740 8550.621006 8497.029493 8444.169713 8392.028665 8340.593507 8289.851803 8239.791316 8190.400133 8141.666598 8093.579219 8046.126988 7999.298880 7953.084365 7907.472903 7862.454378 7818.018727 7774.156262 7730.857376 7688.112769 7645.913264 7604.249918 7563.113941 7522.496757 7482.389979 7442.785366 7403.674860 7365.050545 7326.904726 7289.229999 7252.018366 7215.263113 7178.956966 7143.092912 7107.664122 7072.663863 7038.085569 7003.922810 6970.169190 6936.818704 6903.865075 6871.302455 6839.124871 6807.326727 6775.902337 6744.846181 6714.152878 6683.817092 6653.833620 6624.197333 6594.903305 6565.946393 6537.321929 6509.025145 6481.051355 6453.396030 6426.054638 6399.022779 6372.296111 6345.870378 6319.741434 6293.905172 6268.357509 6243.094533 6218.112338 6193.407131 6168.975154 6144.812656 6120.916026 6097.281833 6073.906437 6050.786447 6027.918450 6005.299083 5982.925277 5960.793626 5938.901041 5917.244375 5895.820616 5874.626761 5853.659855 5832.917002 5812.395297 5792.091986 5772.004303 5752.129527 5732.465001 5713.008017 5693.756072 5674.706615 5655.857122 5637.205149 5618.748229 5600.484020 5582.410143 5564.524364 5546.824329 5529.307818 5511.972641 5494.816628 5477.837554 5461.033635 5444.402447 5427.942098 5411.650568 5395.525874 5379.566182 5363.769425 5348.133795 5332.657421 5317.338499 5302.175209 5287.165796 5272.308469 5257.601573 5243.043393 5228.632252 5214.366520 5200.244287 5186.264883 5172.425661 5158.725627 5145.163136 5131.736673 5118.444791 5105.286046 5092.258946 5079.362160 5066.594234 5053.953773 5041.439465 5029.049991 5016.783965 5004.640196 4992.617344 4980.714108 4968.929297 4957.261718 4945.710065 4934.273308 4922.950130 4911.739443 4900.640091 4889.650944 4878.770907 4867.998894 4857.333810 4846.774630 4836.320281 4825.969722 4815.721954 4805.575903 4795.530807 4785.585505 4775.738953 4765.990337 4756.338771 4746.783264 4737.322853 4727.956697 4718.683945 4709.503682 4700.415052 4691.417212 4682.508614 4673.690576 4664.960134 4656.317221 4647.761020 4639.290749 4630.905678 4622.605016 4614.388005 4606.253927 4598.202071 4590.231643 4582.342015 4574.532460 4566.802281 4559.150796 4551.577357 4544.081282 4536.661910 4529.318626 4522.050766 4514.857713 4507.738849 4500.693580 4493.721322 4486.821363 4479.993259 4473.236365 4466.550125 4459.933983 4453.387373 4446.909754 4440.500583 4434.159345 4427.885482 4421.678509 4415.537885 4409.463154 4403.453775 4397.509265 4391.629169 4385.812968 4380.060222 4374.370464 4368.743223 4363.178066 4357.674525 4352.232198 4346.850555 4341.529380 4336.268050 4331.066212 4325.923496 4320.839415 4315.813647 4310.845777 4305.935409 4301.082188 4296.285700 4291.545613 4286.861534 4282.233096 4277.660001 4273.141840 4268.678291 4264.269011 4259.913663 4255.611926 4251.363464 4246.928940 4243.024836 4238.934579 4234.896107 4230.909323 4226.973996 4223.089785 4219.256435 4215.473639 4211.741133 4208.058631 4204.425870 4200.842572 4197.308497 4193.823357 4190.386919 4186.998922 4183.659154 4180.367261 4177.123152 4173.926506 4170.777114 4167.674747 4164.619169 4161.610184 4158.647559 4155.731088 4152.860583 4150.035778 4147.256528 4144.522628 4141.833860 4139.190059 4136.591025 4134.036621 4131.526532 4129.060713 4126.638961 4124.261077 4121.926913 4119.636307 4117.389098 4115.185123 4113.024228 4110.906269 4108.831094 4106.798547 4104.808513 4102.860839 4100.955393 4099.092039 4097.270648 4095.491096 4093.753297 4092.057046 4090.402280 4088.788885 4087.216749 4085.685762 4084.195821 4082.746815 4081.338658 4079.971239 4078.644475 4077.358273 4076.112544 4074.907205 4073.742170 4072.617365 4071.532705 4070.488129 4069.483555 4068.518919 4067.594149 4066.709198 4065.863996 4065.058484 4064.292608 4063.566316 4062.879564 4062.232302 4061.624487 4061.056073 4060.527035 4060.037327 4059.586913 4059.175764 4058.803863 4058.471174 4058.177677 4057.923349 4057.708185 4057.532153 4057.395256 4057.297482 4057.238815 2028.609630 
