0.0001
0.000133
0.000178
0.000237
0.000316
0.000421
0.000562
0.000749
0.000999
0.001332
0.001776
0.002368
0.003157
0.004209
0.005612
0.007483
0.009977
0.013303
0.017738
0.02365
0.031534
0.042045
0.05606
0.074747
0.099662
0.132883
0.177177
0.236236
0.314981
0.419975
0.559967
0.746622
0.995496
1.327328
2.0
>
-34760091.828838 28718.901398 69520183.657676
 1971983.275698  
>
-34759675.174733 2616.624599 69519354.349466
13.0 1657577.279732 2000150.681410  
>
-34759673.113948 2178.419615 69519354.227896
17.0 20.0 1811569.274816 2080701.304384 1998561.537288  
>
-34759672.745534 2047.655761 69519357.491068
1.0 12.0 19.0 25391687.314065 162727.620323 2063462.650041 1998804.703473  
