0.000100
0.000133
0.000178
0.000237
0.000316
0.000421
0.000562
0.000749
0.000999
0.001332
0.001776
0.002368
0.003157
0.004209
0.005612
0.007483
0.009977
0.013303
0.017738
0.023650
0.031534
0.042045
0.056060
0.074747
0.099662
0.132883
0.177177
0.236236
0.314981
0.419975
0.559967
0.746622
0.995496
1.327328
2.000000
 >
 log_likelihood: -34760091.828838 
 distance: 28718.901398 
 breakpoints: 
 thetas: 1971983.275698 
 se_thetas: 3112.009878 
 residues: -18277.298681 10572.083822 10901.516947 7103.688617 6367.626185 4856.575224 4118.982230 4378.489707 3076.601260 2642.747139 3176.677672 2349.159481 2003.504436 1883.013631 2018.645046 1708.053947 2410.149124 1475.796996 2014.934012 1279.045262 1869.220839 1223.559699 1691.424332 1253.881807 1384.558597 1845.066744 1420.112881 1516.369271 900.164455 1283.001245 1083.168505 1143.768598 1614.344572 1254.957389 1467.416461 1497.448039 1402.832876 1135.521408 1041.731570 983.030197 1444.401543 1074.305586 986.725980 1122.211212 922.908074 1006.589596 1559.677396 849.259769 801.104619 240.334497 
 fitted_sfs: 1991902.298681 1006113.916178 677657.483053 513537.311383 415154.373815 349642.424776 302916.017770 267932.510293 240779.398740 219109.252861 201428.322328 186740.840519 174357.495564 163785.986369 154665.354954 146724.946053 139757.850876 133603.203004 128134.065988 123248.954738 118865.779161 114917.440301 111348.575668 108113.118193 105172.441403 102493.933256 100049.887119 97816.630729 95773.835545 93903.998755 92191.831495 90624.231402 89189.655428 87878.042611 86680.583539 85589.551961 84598.167124 83700.478592 82891.268430 82165.969803 81520.598457 80951.694414 80456.274020 80031.788788 79676.091926 79387.410404 79164.322604 79005.740231 78910.895381 39439.665503 
 >
 log_likelihood: -34759675.174733 
 distance: 2616.624599 
 breakpoints: 13 
 thetas: 1657577.279732 2000150.681410 
 se_thetas: 4161.838857 469.502817 
 residues: 33.870288 -633.683828 1505.290756 -203.290622 440.632104 -137.320084 -207.772013 551.400611 -362.641956 -486.964553 299.516725 -318.208480 -486.982377 -456.471891 -190.563245 -387.735177 413.876573 -432.563818 184.693224 -481.417594 171.366371 -417.897511 100.944049 -290.383856 -117.703036 381.064369 -8.979245 119.176526 -467.849436 -58.298623 -233.680757 -150.689388 340.377824 -0.274591 229.288736 274.904399 194.449962 -60.039106 -142.270350 -190.611710 279.977998 -81.991855 -162.494976 -20.946487 -215.168928 -127.363943 428.910408 -279.242060 -326.042469 -323.013619 
 fitted_sfs: 1973591.129712 1017319.683828 687053.709244 520844.290622 421081.367896 354636.320084 307242.772013 271759.599389 244218.641956 222238.964553 204305.483275 189408.208480 176847.982377 166125.471891 156874.563245 148820.735177 141754.123427 135511.563818 129964.306776 125009.417594 120563.633629 116558.897511 112939.055951 109657.383856 106674.703036 103957.935631 101478.979245 99213.823474 97141.849436 95245.298623 93508.680757 91918.689388 90463.622176 89133.274591 87918.711264 86812.095601 85806.550038 84896.039106 84075.270350 83339.611710 82685.022002 82107.991855 81605.494976 81174.946487 80814.168928 80521.363943 80295.089592 80134.242060 80038.042469 40003.013619 
 >
 log_likelihood: -34759673.113948 
 distance: 2178.419615 
 breakpoints: 17 20 
 thetas: 1811569.274816 2080701.304384 1998561.537288 
 se_thetas: 3711.745821 6306.482699 623.746410 
 residues: 14.867987 -200.581280 682.086091 -772.788832 227.227865 -135.081915 -101.132378 700.772049 -200.609141 -325.747454 454.476039 -171.253895 -348.169643 -325.296700 -66.314799 -269.682412 526.412339 -324.941079 287.931004 -382.105822 267.151024 -325.292233 190.674477 -203.260213 -32.948912 463.660111 71.646995 198.003097 -390.669054 17.372440 -159.386972 -77.658867 412.252255 70.542881 299.141225 343.877663 262.624313 7.411833 -75.471522 -124.397371 345.672253 -16.756055 -97.658416 43.547998 -150.961083 -63.388733 492.705836 -215.574428 -262.451267 -291.230736 
 fitted_sfs: 1973610.132013 1016886.581280 687876.913909 521413.788832 421294.772135 354634.081915 307136.132378 271610.227951 244056.609141 222077.747454 204150.523961 189261.253895 176709.169643 165994.296700 156750.314799 148702.682412 141641.587661 135403.941079 129861.068996 124910.105822 120467.848976 116466.292233 112849.325523 109570.260213 106589.948912 103875.339889 101398.353005 99134.996903 97064.669054 95169.627560 93434.386972 91845.658867 90391.747745 89062.457119 87848.858775 86743.122337 85738.375687 84828.588167 84008.471522 83273.397371 82619.327747 82042.756055 81540.658416 81110.452002 80749.961083 80457.388733 80231.294164 80070.574428 79974.451267 39971.230736 
 >
 log_likelihood: -34759672.745534 
 distance: 2047.655761 
 breakpoints: 1 12 19 
 thetas: 25391687.314065 162727.620323 2063462.650041 1998804.703473 
 se_thetas: 4058181.522694 243823.322560 13154.893718 603.418619 
 residues: 0.023473 -10.119274 183.355218 -604.366420 436.481864 -9.732413 -44.733100 716.808683 -205.354037 -340.282692 435.827606 -191.230084 -368.172367 -344.761078 -85.029774 -287.601650 509.262705 -341.375262 272.150257 -397.294364 252.498048 -339.460618 176.945087 -216.591228 -45.917596 451.021631 59.309886 185.941318 -402.478853 5.771484 -170.755187 -88.833758 401.253950 59.706568 288.452613 333.323497 252.192475 -2.909307 -85.692898 -134.529271 335.619861 -26.738259 -107.579547 33.679239 -160.785951 -73.177976 482.944025 -225.316689 -272.181799 -296.094045 
 fitted_sfs: 1973624.976527 1016696.119274 688375.644782 521245.366420 421085.518136 354508.732413 307079.733100 271594.191317 244061.354037 222092.282692 204169.172394 189281.230084 176729.172367 166013.761078 156769.029774 148720.601650 141658.737295 135420.375262 129876.849743 124925.294364 120482.501952 116480.460618 112863.054913 109583.591228 106602.917596 103887.978369 101410.690114 99147.058682 97076.478853 95181.228516 93445.755187 91856.833758 90402.746050 89073.293432 87859.547387 86753.676503 85748.807525 84838.909307 84018.692898 83283.529271 82629.380139 82052.738259 81550.579547 81120.320761 80759.785951 80467.177976 80241.055975 80080.316689 79984.181799 39976.094045 
