0.0001
0.000133
0.000178
0.000237
0.000316
0.000421
0.000562
0.000749
0.000999
0.001332
0.001776
0.002368
0.003157
0.004209
0.005612
0.007483
0.009977
0.013303
0.017738
0.02365
0.031534
0.042045
0.05606
0.074747
0.099662
0.132883
0.177177
0.236236
0.314981
0.419975
0.559967
0.746622
0.995496
1.327328
2.0
>
-8314773.271327 3571.074322 16629546.542654
 1997681.763997  
>
-8314769.334769 2110.545974 16629542.669538
34.0 1992934.027952 2017766.611594  
>
-8314768.019358 1220.458848 16629544.038716
1.0 18.0 233993071.640044 34471.794710 2002293.678094  
>
-8314767.548041 594.423965 16629547.096082
1.0 22.0 24.0 362526206.441115 392413.482898 2970711.002749 1999441.649939  
