0.000100
0.000133
0.000178
0.000237
0.000316
0.000421
0.000562
0.000749
0.000999
0.001332
0.001776
0.002368
0.003157
0.004209
0.005612
0.007483
0.009977
0.013303
0.017738
0.023650
0.031534
0.042045
0.056060
0.074747
0.099662
0.132883
0.177177
0.236236
0.314981
0.419975
0.559967
0.746622
0.995496
1.327328
2.000000
 >
 log_likelihood: -8314773.271327 
 distance: 3571.074322 
 breakpoints: 
 thetas: 1997681.763997 
 se_thetas: 1242.366810 
 residues: -1433.404441 -634.102498 2887.969525 1007.598334 969.647201 
 fitted_sfs: 2219646.404441 1248551.102498 951277.030475 832367.401666 399536.352799 
 >
 log_likelihood: -8314769.334769 
 distance: 2110.545974 
 breakpoints: 34 
 thetas: 1992934.027952 2017766.611594 
 se_thetas: 2179.936989 8538.143486 
 residues: 245.971372 -1260.187920 1557.137190 -604.780484 124.069466 
 fitted_sfs: 2217967.028628 1249177.187920 952607.862810 833979.780484 400381.930534 
 >
 log_likelihood: -8314768.019358 
 distance: 1220.458848 
 breakpoints: 1 18 
 thetas: 233993071.640044 34471.794710 2002293.678094 
 se_thetas: 83238585.621916 683686.169290 1332.346428 
 residues: 0.005975 -26.779549 811.468542 -909.986584 47.390325 
 fitted_sfs: 2218212.994025 1247943.779549 953353.531458 834284.986584 400458.609675 
 >
 log_likelihood: -8314767.548041 
 distance: 594.423965 
 breakpoints: 1 22 24 
 thetas: 362526206.441115 392413.482898 2970711.002749 1999441.649939 
 se_thetas: 141512174.456920 668343.328048 473229.850883 1777.941564 
 residues: 0.000712 -3.147724 57.649913 -304.607244 507.169457 
 fitted_sfs: 2218212.999288 1247920.147724 954107.350087 833679.607244 399998.830543 
