0.0001
0.000133
0.000178
0.000237
0.000316
0.000421
0.000562
0.000749
0.000999
0.001332
0.001776
0.002368
0.003157
0.004209
0.005612
0.007483
0.009977
0.013303
0.017738
0.02365
0.031534
0.042045
0.05606
0.074747
0.099662
0.132883
0.177177
0.236236
0.314981
0.419975
0.559967
0.746622
0.995496
1.327328
2.0
>
-5102829.151431 232001.336272 10205658.302862
 1361519.325951  
>
-5068582.52163 3106.634205 10137169.04326
29.0 1854863.261709 979903.828430  
>
-5068575.716835 201.291566 10137159.43367
25.0 27.0 1674593.784671 3031456.786515 1017814.640326  
>
-5068575.677659 1.277136 10137163.355318
17.0 25.0 26.0 2783773.533917 1156051.850027 6527975.118906 1024671.960900  
