0.000100
0.000133
0.000178
0.000237
0.000316
0.000421
0.000562
0.000749
0.000999
0.001332
0.001776
0.002368
0.003157
0.004209
0.005612
0.007483
0.009977
0.013303
0.017738
0.023650
0.031534
0.042045
0.056060
0.074747
0.099662
0.132883
0.177177
0.236236
0.314981
0.419975
0.559967
0.746622
0.995496
1.327328
2.000000
 >
 log_likelihood: -5102829.151431 
 distance: 232001.336272 
 breakpoints: 
 thetas: 1361519.325951 
 se_thetas: 80712.618677 
 residues: 138061.748944 -59377.578719 -109903.536167 -123352.719146 -62794.865190 
 fitted_sfs: 1512799.251056 850949.578719 648342.536167 567299.719146 272303.865190 
 >
 log_likelihood: -5068582.521630 
 distance: 3106.634205 
 breakpoints: 29 
 thetas: 1854863.261709 979903.828430 
 se_thetas: 4013.380470 3203.632099 
 residues: -604.852754 2631.157186 -1240.914731 -906.712815 -18.529214 
 fitted_sfs: 1651465.852754 788940.842814 539679.914731 444853.712815 209527.529214 
 >
 log_likelihood: -5068575.716835 
 distance: 201.291566 
 breakpoints: 25 27 
 thetas: 1674593.784671 3031456.786515 1017814.640326 
 se_thetas: 2480.129393 6936.311046 382.265615 
 residues: 4.694866 -56.003319 157.831684 -111.448271 5.321957 
 fitted_sfs: 1650856.305134 791628.003319 538281.168316 444058.448271 209503.678043 
 >
 log_likelihood: -5068575.677659 
 distance: 1.277136 
 breakpoints: 17 25 26 
 thetas: 2783773.533917 1156051.850027 6527975.118906 1024671.960900 
 se_thetas: 1178.447316 382.937574 861.720673 6.030662 
 residues: 0.000342 -0.020661 0.199411 -0.701105 1.048493 
 fitted_sfs: 1650860.999658 791572.020661 538438.800589 443947.701105 209507.951507 
