0.0001
0.000133
0.000178
0.000237
0.000316
0.000421
0.000562
0.000749
0.000999
0.001332
0.001776
0.002368
0.003157
0.004209
0.005612
0.007483
0.009977
0.013303
0.017738
0.02365
0.031534
0.042045
0.05606
0.074747
0.099662
0.132883
0.177177
0.236236
0.314981
0.419975
0.559967
0.746622
0.995496
1.327328
2.0
>
-11416833.283157 73307.846187 22833666.566314
 639909.265730  
>
-11414664.821228 73205.611955 22829333.642456
34.0 637929.560028 680132.988504  
>
-11395954.704024 1645.199551 22791917.408048
17.0 32.0 1004731.904821 497942.380401 891881.217726  
>
-11395954.395147 1641.692041 22791920.790294
17.0 26.0 34.0 1005843.753141 496646.468794 508296.618476 1178707.993974  
