0.000100
0.000133
0.000178
0.000237
0.000316
0.000421
0.000562
0.000749
0.000999
0.001332
0.001776
0.002368
0.003157
0.004209
0.005612
0.007483
0.009977
0.013303
0.017738
0.023650
0.031534
0.042045
0.056060
0.074747
0.099662
0.132883
0.177177
0.236236
0.314981
0.419975
0.559967
0.746622
0.995496
1.327328
2.000000
 >
 log_likelihood: -11416833.283157 
 distance: 73307.846187 
 breakpoints: 
 thetas: 639909.265730 
 se_thetas: 7943.714083 
 residues: 37442.004314 -32860.319252 -30837.091315 -23713.037952 -18636.740149 -13137.089671 -10080.354182 -7923.193716 -6069.999478 -4294.029527 -2874.561358 -2462.468351 -924.068563 -450.610115 226.037983 698.703461 1580.528293 1489.713690 2113.450573 2167.670890 2888.012904 2899.250251 3006.348078 3310.255166 3315.505817 3467.682652 3678.776482 3691.468965 4194.356720 4309.119415 4862.718292 4806.405074 4658.925481 4768.544301 4456.120190 4452.160321 5092.865048 5104.165293 4845.754274 4673.113934 5183.537162 5468.146724 5157.910816 5397.656423 5417.080179 5258.757435 5076.149504 5353.609540 5224.386727 2686.814689 
 fitted_sfs: 646372.995686 326484.319252 219900.091315 166643.037952 134717.740149 113459.089671 98296.354182 86944.193716 78132.999478 71101.029527 65363.561358 60597.468351 56579.068563 53148.610115 50188.962017 47612.296539 45351.471707 43354.286310 41579.549427 39994.329110 38571.987096 37290.749749 36132.651922 35082.744834 34128.494183 33259.317348 32466.223518 31741.531035 31078.643280 30471.880585 29916.281708 29407.594926 28942.074519 28516.455699 28127.879810 27773.839679 27452.134952 27160.834707 26898.245726 26662.886066 26453.462838 26268.853276 26108.089184 25970.343577 25854.919821 25761.242565 25688.850496 25637.390460 25606.613273 12798.185311 
 >
 log_likelihood: -11414664.821228 
 distance: 73205.611955 
 breakpoints: 34 
 thetas: 637929.560028 680132.988504 
 se_thetas: 9666.989005 110109.104805 
 residues: 38775.012183 -32516.866262 -30823.289033 -23863.908500 -18886.290799 -13452.322645 -10442.412310 -8320.290048 -6494.274891 -4739.981521 -3338.187030 -2940.764468 -1414.723901 -951.807680 -284.247185 180.513597 1055.408923 958.478505 1576.785832 1626.160969 2342.159769 2349.488505 2453.056744 2753.767019 2756.114858 2905.650138 3114.335858 3124.829909 3625.708503 3738.633736 4290.551502 4232.700368 4083.814470 4192.148492 3878.552248 3873.525153 4513.260755 4523.684001 4264.482873 4091.134726 4600.928451 4884.983341 4574.264596 4813.596642 4832.673959 4674.070117 4491.245002 4768.550676 4639.235551 2394.223741 
 fitted_sfs: 645039.987817 326140.866262 219886.289033 166793.908500 134967.290799 113774.322645 98658.412310 87341.290048 78557.274891 71546.981521 65827.187030 61075.764468 57069.723901 53649.807680 50699.247185 48130.486403 45876.591077 43885.521495 42116.214168 40535.839031 39117.840231 37840.511495 36685.943256 35639.232981 34687.885142 33821.349862 33030.664142 32308.170091 31647.291497 31042.366264 30488.448498 29981.299632 29517.185530 29092.851508 28705.447752 28352.474847 28031.739245 27741.315999 27479.517127 27244.865274 27036.071549 26852.016659 26691.735404 26554.403358 26439.326041 26345.929883 26273.754998 26222.449324 26191.764449 13090.776259 
 >
 log_likelihood: -11395954.704024 
 distance: 1645.199551 
 breakpoints: 17 32 
 thetas: 1004731.904821 497942.380401 891881.217726 
 se_thetas: 1221.010060 510.546404 1554.943003 
 residues: 13.440025 -122.007770 180.391744 171.356145 -686.167815 412.287124 208.098848 -106.961827 -178.149922 63.327219 233.706098 -388.719001 280.350799 14.294561 55.277215 -23.352577 376.653307 -138.084169 110.487995 -169.004040 253.168506 -3.050986 -136.682750 -50.094193 -241.531509 -267.759611 -218.782099 -353.621302 14.856180 7.061564 448.881325 290.598472 50.136375 75.035903 -314.478511 -388.455736 188.816636 142.841229 -167.064246 -385.746488 83.800634 332.450937 -9.042127 203.965052 201.014618 24.554333 -172.056812 95.456062 -39.713124 53.775522 
 fitted_sfs: 683801.559975 293746.007770 188882.608256 142758.643855 116767.167815 99909.712876 88007.901152 79127.961827 72241.149922 66743.672781 62255.293902 58523.719001 55374.649201 52683.705439 50359.722785 48334.352577 46555.346693 44982.084169 43582.512005 42331.004040 41206.831494 40193.050986 39275.682750 38443.094193 37685.531509 36994.759611 36363.782099 35786.621302 35258.143820 34773.938436 34330.118675 33923.401528 33550.863625 33209.964097 32898.478511 32614.455736 32356.183364 32122.158771 31911.064246 31721.746488 31553.199366 31404.549063 31275.042127 31164.034948 31070.985382 30995.445667 30937.056812 30895.543938 30870.713124 15431.224478 
 >
 log_likelihood: -11395954.395147 
 distance: 1641.692041 
 breakpoints: 17 26 34 
 thetas: 1005843.753141 496646.468794 508296.618476 1178707.993974 
 se_thetas: 1763.158364 1246.142861 2597.793987 6653.778530 
 residues: 1.740841 -51.763693 192.010999 144.802232 -729.598235 364.966117 163.994085 -144.245060 -207.028178 43.272746 222.225165 -392.254014 283.932152 24.068327 70.291787 -4.034906 399.375914 -112.799859 137.554379 -140.867356 281.732886 25.367037 -108.918467 -23.427046 -216.344079 -244.377098 -197.475877 -334.612485 31.393224 20.995788 460.121801 299.091148 55.861177 78.003908 -314.227733 -390.856621 183.853288 135.426038 -176.801331 -397.658163 69.877168 316.692208 -26.447539 185.111990 180.921863 3.437294 -193.976695 72.959425 -62.557126 42.295517 
 fitted_sfs: 683813.259159 293675.763693 188870.989001 142785.197768 116810.598235 99957.033883 88052.005915 79165.245060 72270.028178 66763.727254 62266.774835 58527.254014 55371.067848 52673.931673 50344.708213 48315.034906 46532.624086 44956.799859 43555.445621 42302.867356 41178.267114 40164.632963 39247.918467 38416.427046 37660.344079 36971.377098 36342.475877 35767.612485 35241.606776 34760.004212 34318.878199 33914.908852 33545.138823 33206.996092 32898.227733 32616.856621 32361.146712 32129.573962 31920.801331 31733.658163 31567.122832 31420.307792 31292.447539 31182.888010 31091.078137 31016.562706 30958.976695 30918.040575 30893.557126 15442.704483 
