0.0001
0.000133
0.000178
0.000237
0.000316
0.000421
0.000562
0.000749
0.000999
0.001332
0.001776
0.002368
0.003157
0.004209
0.005612
0.007483
0.009977
0.013303
0.017738
0.02365
0.031534
0.042045
0.05606
0.074747
0.099662
0.132883
0.177177
0.236236
0.314981
0.419975
0.559967
0.746622
0.995496
1.327328
2.0
>
-34102689.203612 187220.371031 68205378.407224
 1786180.218149  
>
-34080169.788519 2918.551953 68160343.577038
17.0 1005892.441799 1997674.514247  
>
-34080169.620709 2872.597293 68160347.241418
17.0 18.0 1014143.876644 1951807.356049 1998312.015709  
>
-34080168.469401 2824.998321 68160348.938802
16.0 20.0 25.0 942653.231154 1818639.862334 2016769.181947 1997097.266470  
