0.000100
0.000133
0.000178
0.000237
0.000316
0.000421
0.000562
0.000749
0.000999
0.001332
0.001776
0.002368
0.003157
0.004209
0.005612
0.007483
0.009977
0.013303
0.017738
0.023650
0.031534
0.042045
0.056060
0.074747
0.099662
0.132883
0.177177
0.236236
0.314981
0.419975
0.559967
0.746622
0.995496
1.327328
2.000000
 >
 log_likelihood: -34102689.203612 
 distance: 187220.371031 
 breakpoints: 
 thetas: 1786180.218149 
 se_thetas: 20287.393169 
 residues: -117389.442571 52696.562164 60289.364901 52272.901521 43269.059351 36860.379755 33832.158505 29083.470353 26228.177273 22992.531312 22259.539525 19984.145993 18813.714645 17947.161269 17498.433873 15214.686200 15542.331800 13613.080032 14041.907212 12818.736360 12328.922925 12248.243705 11619.844856 11423.452945 11318.055003 11197.190318 10995.954966 9755.790775 10105.110903 10462.769023 9686.613458 9624.512050 9140.920244 8871.951043 9322.583825 8907.816863 9400.792015 9002.899063 9304.864297 9096.824260 8793.387803 8610.688902 8522.430084 8562.919717 8880.102316 8457.583857 8756.652008 8438.292525 8878.200959 3891.395647 
 fitted_sfs: 1804222.442571 911316.437836 613807.635099 465151.098479 376037.940649 316698.620245 274374.841495 242687.529647 218092.822727 198464.468688 182449.460475 169145.854007 157929.285355 148353.838731 140092.566127 132900.313800 126589.668200 121014.919968 116061.092788 111636.263640 107666.077075 104089.756295 100857.155144 97926.547055 95262.944997 92836.809682 90623.045034 88600.209225 86749.889097 85056.230977 83505.386542 82085.487950 80786.079756 79598.048957 78513.416175 77525.183137 76627.207985 75814.100937 75081.135703 74424.175740 73839.612197 73324.311098 72875.569916 72491.080283 72168.897684 71907.416143 71705.347992 71561.707475 71475.799041 35723.604353 
 >
 log_likelihood: -34080169.788519 
 distance: 2918.551953 
 breakpoints: 17 
 thetas: 1005892.441799 1997674.514247 
 se_thetas: 1784.743323 573.248577 
 residues: 56.865200 -276.745033 -309.902356 166.178039 -481.979715 -429.767022 1402.140898 363.936906 409.243300 -505.544609 656.812411 -43.618137 113.983580 381.198355 910.648364 -521.495881 553.367002 -715.801746 299.587788 -399.657140 -419.377006 -76.598728 -322.238506 -171.629075 38.359224 204.763289 265.650738 -734.997725 -166.588796 391.625220 -200.917917 -94.894947 -424.629001 -552.928454 26.131246 -271.623047 327.677639 26.061367 414.814024 284.561915 50.341267 -71.342954 -106.468157 -20.452689 334.878223 -56.679291 266.314956 -35.036638 415.043850 -338.490279 
 fitted_sfs: 1686776.134800 964289.745033 674406.902356 517257.821961 419788.979715 353988.767022 306804.859102 271407.063094 243911.756700 221962.544609 204052.187589 189173.618137 176629.016420 165919.801645 156680.351636 148636.495881 141578.632998 135343.801746 129803.412212 124854.657140 120414.377006 116414.598728 112799.238506 109521.629075 106542.640776 103829.236711 101353.349262 99090.997725 97021.588796 95127.374780 93392.917917 91804.894947 90351.629001 89022.928454 87809.868754 86704.623047 85700.322361 84790.938633 83971.185976 83236.438085 82582.658733 82006.342954 81504.468157 81074.452689 80714.121777 80421.679291 80195.685044 80035.036638 79938.956150 39953.490279 
 >
 log_likelihood: -34080169.620709 
 distance: 2872.597293 
 breakpoints: 17 18 
 thetas: 1014143.876644 1951807.356049 1998312.015709 
 se_thetas: 6933.182107 37259.013214 770.217074 
 residues: -11.703372 117.216901 -205.274098 128.917388 -567.140600 -524.509387 1310.945685 279.774424 332.292885 -576.058395 591.809189 -103.946874 57.631826 328.254812 860.650032 -568.928403 508.186392 -758.992827 258.164717 -439.500972 -457.803854 -113.749162 -358.235200 -206.579813 4.359146 171.629117 233.306676 -766.619822 -197.550499 361.267869 -230.721632 -124.191889 -453.462175 -581.337610 -1.890796 -299.292381 300.328799 -0.997269 388.016989 257.999355 23.987341 -97.512965 -132.478008 -46.325314 309.120588 -82.343601 240.722766 -60.577562 389.533588 -351.240309 
 fitted_sfs: 1686844.703372 963895.783099 674302.274098 517295.082612 419874.140600 354083.509387 306896.054315 271491.225576 243988.707115 222033.058395 204117.190811 189233.946874 176685.368174 165972.745188 156730.349968 148683.928403 141623.813608 135386.992827 129844.835283 124894.500972 120452.803854 116451.749162 112835.235200 109556.579813 106576.640854 103862.370883 101385.693324 99122.619822 97052.550499 95157.732131 93422.721632 91834.191889 90380.462175 89051.337610 87837.890796 86732.292381 85727.671201 84817.997269 83997.983011 83263.000645 82609.012659 82032.512965 81530.478008 81100.325314 80739.879412 80447.343601 80221.277234 80060.577562 79964.466412 39966.240309 
 >
 log_likelihood: -34080168.469401 
 distance: 2824.998321 
 breakpoints: 16 20 25 
 thetas: 942653.231154 1818639.862334 2016769.181947 1997097.266470 
 se_thetas: 8785.265447 13073.931981 5206.572296 1254.676231 
 residues: 13.649105 -163.395659 311.913704 354.961703 -670.937435 -786.077194 1020.001958 22.424771 129.945783 -722.385983 494.435212 -161.512499 31.189351 325.572515 875.815989 -540.525761 546.286434 -713.885918 308.245528 -385.975519 -401.979412 -56.480038 -300.154665 -148.153514 62.792645 229.827560 291.100725 -709.344390 -140.866359 417.320467 -175.321116 -69.443062 -399.353093 -527.847088 51.009011 -246.950798 352.147803 50.336865 438.905207 308.481267 74.102810 -47.724120 -82.976177 2.928792 358.165893 -33.468541 289.465805 -11.928610 438.126176 -326.953401 
 fitted_sfs: 1686819.350895 964176.395659 673785.086296 517069.038297 419977.937435 354345.077194 307186.998042 271748.575229 244191.054217 222179.385983 204214.564788 189291.512499 176711.810649 165975.427485 156715.184011 148655.525761 141585.713566 135341.885918 129794.754472 124840.975519 120396.979412 116394.480038 112777.154665 109498.153514 106518.207355 103804.172440 101327.899275 99065.344390 96995.866359 95101.679533 93367.321116 91779.443062 90326.353093 88997.847088 87784.990989 86679.950798 85675.852197 84766.663135 83947.094793 83212.518733 82558.897190 81982.724120 81480.976177 81051.071208 80690.834107 80398.468541 80172.534195 80011.928610 79915.873824 39941.953401 
