0.0001
0.000133
0.000178
0.000237
0.000316
0.000421
0.000562
0.000749
0.000999
0.001332
0.001776
0.002368
0.003157
0.004209
0.005612
0.007483
0.009977
0.013303
0.017738
0.02365
0.031534
0.042045
0.05606
0.074747
0.099662
0.132883
0.177177
0.236236
0.314981
0.419975
0.559967
0.746622
0.995496
1.327328
2.0
>
-19019092.843224 91028.583494 38038185.686448
 610030.931676  
>
-18997791.935951 1911.767581 37995587.871902
9.0 998487.297733 499908.273905  
>
-18997789.924342 1908.163713 37995587.848684
9.0 34.0 998345.678583 499981.677493 496375.455542  
>
-18997789.267095 1855.024177 37995590.53419
8.0 10.0 34.0 1021310.202294 688525.937815 499948.772516 496353.314989  
