0.000100
0.000133
0.000178
0.000237
0.000316
0.000421
0.000562
0.000749
0.000999
0.001332
0.001776
0.002368
0.003157
0.004209
0.005612
0.007483
0.009977
0.013303
0.017738
0.023650
0.031534
0.042045
0.056060
0.074747
0.099662
0.132883
0.177177
0.236236
0.314981
0.419975
0.559967
0.746622
0.995496
1.327328
2.000000
 >
 log_likelihood: -19019092.843224 
 distance: 91028.583494 
 breakpoints: 
 thetas: 610030.931676 
 se_thetas: 3163.862520 
 residues: 55919.426755 -27757.719280 -30724.510419 -25310.213778 -22000.282746 -18027.535160 -15784.607201 -13897.816998 -12375.785700 -11341.286031 -10707.173329 -9385.351191 -8406.522054 -7971.330607 -7474.049560 -7052.883357 -6561.753207 -6696.820086 -5852.737145 -5738.027117 -5184.208323 -5202.432108 -4937.475956 -4338.987249 -4620.910002 -4456.043270 -3877.697039 -4250.422825 -3969.799549 -3757.262245 -3747.964039 -3438.663866 -3789.634771 -3304.588221 -3145.611588 -2988.115813 -3117.791778 -3035.573366 -3004.606424 -2976.222058 -2585.914753 -2688.321484 -2704.206747 -2603.447032 -2646.018781 -2560.987717 -2375.497923 -2251.766531 -2283.073452 -2266.757562 -2198.205293 -2372.856623 -2154.189642 -2211.722117 -1996.006889 -2131.628739 -1849.201538 -1935.365912 -2081.786741 -1969.151268 -2002.167231 -1919.561376 -1836.077540 -1778.475787 -1861.530760 -1791.030951 -1935.777368 -1844.582709 -1708.270668 -1710.674830 -1667.638289 -1647.012738 -1673.658154 -1620.441931 -1624.238660 -1579.929419 -1493.401559 -1610.548147 -1400.267668 -1518.463741 -1469.044682 -1592.923321 -1576.016645 -1538.245613 -1270.534824 -1334.812809 -1391.010732 -1393.063239 -1475.907952 -1308.485253 -1203.737750 -1349.611221 -1353.053349 -1304.014085 -1332.445562 -1240.301846 -1182.538964 -1321.114658 -1177.988462 -1044.121458 -1184.476326 -1303.017152 -1088.709484 -1197.520134 -1209.417208 -1139.370009 -1090.349011 -1230.325729 -1220.272796 -1243.163722 -924.973198 -1113.676510 -1014.249807 -943.671010 -974.917289 -919.967580 -1077.801351 -1139.398748 -1201.740476 -1006.808061 -1050.583529 -1061.049601 -937.189446 -1004.986631 -900.425424 -1059.491228 -1103.168570 -1076.443416 -954.301893 -1059.730590 -1056.716532 -987.247066 -921.309971 -919.893344 -865.985787 -1021.575867 -1034.652984 -879.206493 -920.226167 -947.702089 -899.624575 -866.984246 -782.771960 -948.979066 -789.596353 -964.615988 -942.029645 -853.829359 -851.007434 -798.556324 -891.468713 -801.737490 -834.355690 -822.316554 -943.613527 -706.240157 -699.190239 -885.457559 -816.036301 -746.920636 -847.104882 -837.583572 -869.351309 -804.402874 -812.733124 -798.337093 -763.209826 -675.346755 -866.743070 -783.394272 -791.295961 -768.443790 -792.833574 -796.461129 -774.322475 -719.413632 -849.730785 -689.270150 -695.028058 -748.000915 -699.185147 -732.577399 -738.174230 -685.972427 -774.968701 -791.159951 -826.543043 -710.115005 -681.872851 -704.813718 -825.934761 -621.233217 -758.706358 -711.351533 -713.166149 -740.147651 -761.293544 -638.601368 -673.068748 -705.693441 -609.472794 -709.404889 -696.487427 -601.718220 -719.095152 -701.616125 -617.279103 -648.082090 -724.023078 -756.100254 -652.311606 -670.655349 -611.129585 -618.732612 -637.462640 -657.317948 -650.296869 -636.397730 -683.618913 -656.958810 -762.415913 -567.988552 -564.675316 -727.474710 -577.385261 -654.405565 -628.534194 -662.769772 -652.110937 -699.556356 -589.104737 -702.754792 -749.505225 -578.354823 -557.302353 -614.346633 -555.486483 -568.720704 -526.048164 -612.467824 -560.978496 -583.579129 -549.268637 -632.045948 -541.910155 -622.860126 -600.894906 -582.013490 -589.214938 -600.498301 -563.862643 -688.307052 -552.830594 -575.432411 -551.111627 -651.867378 -646.698826 -558.605089 -586.585396 -621.638937 -640.764903 -575.962522 -630.230999 -591.569598 -595.977556 -618.454180 -607.998699 -588.610409 -517.288615 -541.032624 -533.841699 -595.715361 -620.652732 -579.653248 -497.716259 -590.841126 -601.027294 -544.274055 -563.580851 -619.947077 -536.372161 -537.855511 -538.396568 -587.994743 -563.649522 -640.360346 -568.126671 -561.947977 -454.823564 -534.753476 -640.736556 -537.772638 -475.861156 -435.001616 -479.193559 -499.436521 -512.730003 -550.073597 -438.466814 -556.909197 -522.400330 -531.939790 -501.527106 -566.161919 -509.843777 -504.572243 -552.346943 -475.167498 -546.033453 -509.944514 -483.900212 -493.900211 -533.944126 -573.031586 -510.162235 -463.335719 -540.551672 -513.809770 -495.109652 -501.450973 -494.833409 -548.256587 -474.720320 -480.224173 -483.767779 -498.350906 -536.973275 -565.634542 -507.334370 -535.072499 -561.848655 -485.662525 -424.513823 -502.402275 -478.327170 -571.289532 -481.287790 -519.322120 -433.392245 -504.497906 -481.638867 -532.814859 -478.025625 -436.270932 -470.550547 -540.864184 -426.211656 -557.592712 -452.007116 -456.454640 -409.935073 -501.448180 -513.993739 -503.571550 -463.181382 -483.823031 -396.496289 -499.200960 -464.936852 -461.703694 -375.501373 -443.329655 -483.188355 -504.077286 -432.996254 -478.945078 -506.923572 -423.931568 -554.968867 -566.035313 -450.130715 -423.254930 -472.407762 -487.589050 -437.798646 -510.036362 -469.302057 -426.595570 -462.916737 -509.265415 -500.641438 -470.044679 -480.474930 -427.932173 -404.416142 -442.926732 -616.463827 -484.027237 -430.616872 -506.232585 -421.874234 -509.541708 -488.234851 -438.953562 -487.697695 -475.467125 -458.261763 -443.081452 -454.926087 -505.795550 -411.689722 -539.608496 -450.551752 -438.375242 -433.511117 -395.527333 -481.567456 -480.631503 -431.719411 -383.831051 -452.966342 -465.125171 -424.307452 -478.513081 -483.741970 -410.994019 -404.269149 -452.567255 -485.888259 -447.232068 -463.598616 -490.987754 -414.399485 -493.833675 -480.290258 -501.769153 -412.270274 -451.793559 -433.338921 -485.906290 -514.495605 -519.106758 -454.739712 -457.394394 -464.070721 -383.768640 -457.488080 -467.229003 -502.991266 -398.774884 -461.579781 -511.405877 -524.253127 -471.121473 -462.010858 -394.921224 -498.852517 -433.804687 -419.777679 -507.771436 -511.785923 -374.821084 -461.876871 -451.953236 -384.050133 -436.167519 -426.305373 -400.463601 -422.642194 -502.841112 -461.060314 -525.299762 -442.559419 -531.839244 -413.139210 -518.459273 -544.799408 -467.159579 -413.539757 -460.939911 -452.360009 -370.800028 -515.259936 -426.739712 -405.239326 -494.758756 -535.297975 -399.856969 -492.435712 -503.034183 -465.652362 -518.290230 -477.947773 -487.624974 -531.321815 -394.038282 -437.774366 -399.530049 -404.305320 -472.100166 -411.914584 -426.748559 -489.602086 -417.475154 -533.367765 -449.279903 -512.211573 -368.162770 -519.133486 -214.061863 
 fitted_sfs: 610641.573245 305626.719280 203955.510419 153120.213778 122619.282746 102285.535160 87761.607201 76868.816998 68396.785700 61619.286031 56074.173329 51453.351191 47543.522054 44192.330607 41288.049560 38746.883357 36504.753207 34511.820086 32728.737145 31124.027117 29672.208323 28352.432108 27147.475956 26042.987249 25026.910002 24089.043270 23220.697039 22414.422825 21663.799549 20963.262245 20307.964039 19693.663866 19116.634771 18573.588221 18061.611588 17578.115813 17120.791778 16687.573366 16276.606424 15886.222058 15514.914753 15161.321484 14824.206747 14502.447032 14195.018781 13900.987717 13619.497923 13349.766531 13091.073452 12842.757562 12604.205293 12374.856623 12154.189642 11941.722117 11737.006889 11539.628739 11349.201538 11165.365912 10987.786741 10816.151268 10650.167231 10489.561376 10334.077540 10183.475787 10037.530760 9896.030951 9758.777368 9625.582709 9496.270668 9370.674830 9248.638289 9130.012738 9014.658154 8902.441931 8793.238660 8686.929419 8583.401559 8482.548147 8384.267668 8288.463741 8195.044682 8103.923321 8015.016645 7928.245613 7843.534824 7760.812809 7680.010732 7601.063239 7523.907952 7448.485253 7374.737750 7302.611221 7232.053349 7163.014085 7095.445562 7029.301846 6964.538964 6901.114658 6838.988462 6778.121458 6718.476326 6660.017152 6602.709484 6546.520134 6491.417208 6437.370009 6384.349011 6332.325729 6281.272796 6231.163722 6181.973198 6133.676510 6086.249807 6039.671010 5993.917289 5948.967580 5904.801351 5861.398748 5818.740476 5776.808061 5735.583529 5695.049601 5655.189446 5615.986631 5577.425424 5539.491228 5502.168570 5465.443416 5429.301893 5393.730590 5358.716532 5324.247066 5290.309971 5256.893344 5223.985787 5191.575867 5159.652984 5128.206493 5097.226167 5066.702089 5036.624575 5006.984246 4977.771960 4948.979066 4920.596353 4892.615988 4865.029645 4837.829359 4811.007434 4784.556324 4758.468713 4732.737490 4707.355690 4682.316554 4657.613527 4633.240157 4609.190239 4585.457559 4562.036301 4538.920636 4516.104882 4493.583572 4471.351309 4449.402874 4427.733124 4406.337093 4385.209826 4364.346755 4343.743070 4323.394272 4303.295961 4283.443790 4263.833574 4244.461129 4225.322475 4206.413632 4187.730785 4169.270150 4151.028058 4133.000915 4115.185147 4097.577399 4080.174230 4062.972427 4045.968701 4029.159951 4012.543043 3996.115005 3979.872851 3963.813718 3947.934761 3932.233217 3916.706358 3901.351533 3886.166149 3871.147651 3856.293544 3841.601368 3827.068748 3812.693441 3798.472794 3784.404889 3770.487427 3756.718220 3743.095152 3729.616125 3716.279103 3703.082090 3690.023078 3677.100254 3664.311606 3651.655349 3639.129585 3626.732612 3614.462640 3602.317948 3590.296869 3578.397730 3566.618913 3554.958810 3543.415913 3531.988552 3520.675316 3509.474710 3498.385261 3487.405565 3476.534194 3465.769772 3455.110937 3444.556356 3434.104737 3423.754792 3413.505225 3403.354823 3393.302353 3383.346633 3373.486483 3363.720704 3354.048164 3344.467824 3334.978496 3325.579129 3316.268637 3307.045948 3297.910155 3288.860126 3279.894906 3271.013490 3262.214938 3253.498301 3244.862643 3236.307052 3227.830594 3219.432411 3211.111627 3202.867378 3194.698826 3186.605089 3178.585396 3170.638937 3162.764903 3154.962522 3147.230999 3139.569598 3131.977556 3124.454180 3116.998699 3109.610409 3102.288615 3095.032624 3087.841699 3080.715361 3073.652732 3066.653248 3059.716259 3052.841126 3046.027294 3039.274055 3032.580851 3025.947077 3019.372161 3012.855511 3006.396568 2999.994743 2993.649522 2987.360346 2981.126671 2974.947977 2968.823564 2962.753476 2956.736556 2950.772638 2944.861156 2939.001616 2933.193559 2927.436521 2921.730003 2916.073597 2910.466814 2904.909197 2899.400330 2893.939790 2888.527106 2883.161919 2877.843777 2872.572243 2867.346943 2862.167498 2857.033453 2851.944514 2846.900212 2841.900211 2836.944126 2832.031586 2827.162235 2822.335719 2817.551672 2812.809770 2808.109652 2803.450973 2798.833409 2794.256587 2789.720320 2785.224173 2780.767779 2776.350906 2771.973275 2767.634542 2763.334370 2759.072499 2754.848655 2750.662525 2746.513823 2742.402275 2738.327170 2734.289532 2730.287790 2726.322120 2722.392245 2718.497906 2714.638867 2710.814859 2707.025625 2703.270932 2699.550547 2695.864184 2692.211656 2688.592712 2685.007116 2681.454640 2677.935073 2674.448180 2670.993739 2667.571550 2664.181382 2660.823031 2657.496289 2654.200960 2650.936852 2647.703694 2644.501373 2641.329655 2638.188355 2635.077286 2631.996254 2628.945078 2625.923572 2622.931568 2619.968867 2617.035313 2614.130715 2611.254930 2608.407762 2605.589050 2602.798646 2600.036362 2597.302057 2594.595570 2591.916737 2589.265415 2586.641438 2584.044679 2581.474930 2578.932173 2576.416142 2573.926732 2571.463827 2569.027237 2566.616872 2564.232585 2561.874234 2559.541708 2557.234851 2554.953562 2552.697695 2550.467125 2548.261763 2546.081452 2543.926087 2541.795550 2539.689722 2537.608496 2535.551752 2533.375242 2531.511117 2529.527333 2527.567456 2525.631503 2523.719411 2521.831051 2519.966342 2518.125171 2516.307452 2514.513081 2512.741970 2510.994019 2509.269149 2507.567255 2505.888259 2504.232068 2502.598616 2500.987754 2499.399485 2497.833675 2496.290258 2494.769153 2493.270274 2491.793559 2490.338921 2488.906290 2487.495605 2486.106758 2484.739712 2483.394394 2482.070721 2480.768640 2479.488080 2478.229003 2476.991266 2475.774884 2474.579781 2473.405877 2472.253127 2471.121473 2470.010858 2468.921224 2467.852517 2466.804687 2465.777679 2464.771436 2463.785923 2462.821084 2461.876871 2460.953236 2460.050133 2459.167519 2458.305373 2457.463601 2456.642194 2455.841112 2455.060314 2454.299762 2453.559419 2452.839244 2452.139210 2451.459273 2450.799408 2450.159579 2449.539757 2448.939911 2448.360009 2447.800028 2447.259936 2446.739712 2446.239326 2445.758756 2445.297975 2444.856969 2444.435712 2444.034183 2443.652362 2443.290230 2442.947773 2442.624974 2442.321815 2442.038282 2441.774366 2441.530049 2441.305320 2441.100166 2440.914584 2440.748559 2440.602086 2440.475154 2440.367765 2440.279903 2440.211573 2440.162770 2440.133486 1220.061863 
 >
 log_likelihood: -18997791.935951 
 distance: 1911.767581 
 breakpoints: 9 
 thetas: 998487.297733 499908.273905 
 se_thetas: 371.662855 123.165130 
 residues: 35.130161 -243.205247 -42.447141 800.459089 -272.068653 324.361870 26.038909 -30.782038 -31.555630 -218.603535 -584.921519 -97.077622 176.001912 6.252776 -20.741576 -58.304640 28.077134 -466.753525 55.447704 -119.524169 172.212622 -84.256828 -36.819225 362.287372 -103.057366 -107.494158 314.098386 -204.175845 -59.054925 27.021535 -81.974569 116.432261 -338.703823 48.312091 114.866812 185.082034 -27.149986 -23.136076 -66.356805 -108.444434 214.834422 48.597148 -28.144010 14.531705 -83.536932 -51.584534 83.091032 158.130571 80.124421 51.613476 77.103238 -138.950069 39.882151 -56.004922 122.755149 -48.497374 199.553976 80.203632 -98.273755 -16.621873 -79.601202 -25.987920 29.428009 59.843133 -49.557784 -4.601491 -174.124899 -106.974483 5.994155 -19.082542 1.923969 1.135283 -46.333929 -13.374943 -36.885039 -11.766713 56.072312 -79.280317 113.258603 -22.231975 10.323097 -130.004760 -129.147498 -107.040340 145.378575 66.167534 -4.616790 -20.920869 -117.693654 36.113661 127.548383 -31.345344 -47.524576 -10.948260 -51.577199 28.626273 74.698165 -75.326863 56.584321 179.463632 28.341631 -100.752226 103.210265 -15.743677 -37.587918 22.702697 62.152348 -87.215594 -86.378736 -118.315307 190.995315 -6.426488 84.438973 146.609162 107.103418 153.938820 -11.867836 -81.300291 -151.342656 36.020141 -15.197151 -32.980433 83.684117 8.810114 106.410456 -59.503419 -109.918236 -89.822704 25.794564 -86.055443 -89.362127 -26.115086 33.695682 29.079960 77.046989 -84.393657 -103.233496 46.536284 -0.075943 -33.062073 9.585851 36.875510 115.814408 -55.590546 98.668676 -81.401961 -63.795501 19.494603 17.474635 65.150797 -32.470916 52.615304 15.415190 22.934273 -102.822096 130.151397 132.859797 -57.691708 7.501547 72.444369 -31.858560 -26.402792 -62.183887 -1.197586 -13.439653 -2.906036 28.407391 112.504218 -82.611476 -2.936031 -14.465866 4.802603 -23.127227 -30.251881 -11.568138 39.927293 -93.762486 63.365638 54.314666 -1.912462 43.687229 7.116419 -1.622008 47.474514 -44.591262 -63.816838 -102.199601 11.262847 36.572980 10.733118 -113.254392 88.612708 -51.663337 -7.080357 -11.636237 -41.328876 -65.156232 54.883722 17.792913 -17.426904 76.226728 -26.244894 -15.839813 76.443779 -43.392392 -28.346594 53.582836 20.397526 -57.900842 -92.310877 9.169167 -11.459301 45.805337 35.964407 15.019407 -7.028251 -2.177218 9.573890 -39.773607 -15.218381 -122.759245 69.605278 70.876260 -93.945062 54.142533 -24.859830 -0.950958 -37.129731 -28.395026 -77.745749 30.819142 -84.699293 -133.299969 36.018086 55.255892 -3.585597 53.494589 38.497462 79.423943 -8.725180 41.051134 16.753723 49.383491 -35.058662 53.427908 -29.155775 -8.808963 8.469189 -0.320569 -13.177458 21.899289 -104.089583 29.856718 5.738866 28.557582 -73.686423 -69.992470 16.640203 -12.787813 -49.275851 -69.823236 -6.429347 -62.093509 -24.815141 -30.593601 -54.428359 -45.318741 -27.264180 42.735887 17.682031 23.574902 -39.585265 -65.797574 -26.061633 54.623098 -39.742850 -51.159077 4.375072 -16.139981 -73.703732 8.684277 6.024540 4.317510 -46.436310 -23.236528 -101.082675 -29.974301 -24.910986 81.107990 0.082133 -106.987075 -5.099773 55.744565 95.546350 50.305941 29.023714 14.700104 -23.664595 86.930046 -32.515588 0.998824 -9.526377 19.909225 -45.694125 9.663976 13.983905 -34.734057 41.510387 -30.282341 4.887921 30.021630 19.119028 -21.819561 -61.793829 0.196510 46.151743 -31.927821 -6.041932 11.809719 4.627418 10.411422 -43.837926 28.879415 22.563891 18.215847 2.835405 -36.577229 -66.021738 -8.497823 -37.005293 -64.543944 10.886505 71.286284 -7.344382 15.995439 -77.696151 11.583200 -27.167016 58.053439 -13.755219 8.407181 -43.459123 10.646081 51.722979 16.771749 -54.207337 59.785837 -72.248512 32.689814 27.601002 73.485213 -18.657349 -31.826499 -22.022087 17.756090 -3.491806 83.234396 -20.065151 13.609700 16.259232 101.883466 33.482628 -6.943137 -28.393679 42.131166 -4.368455 -32.892389 49.559494 -82.012626 -93.608638 21.771630 48.128271 -1.538531 -17.228650 32.058024 -40.678334 -0.437625 41.780285 4.975538 -41.851757 -33.701454 -3.573467 -14.467576 37.616129 60.677966 21.717991 -152.263720 -20.266971 32.708275 -43.337849 40.594776 -47.493770 -26.603342 22.266126 -26.885235 -15.057317 1.749924 16.536647 4.302924 -46.951143 46.774543 -81.519935 7.165527 19.066504 23.476883 61.102424 -25.291506 -24.705022 23.861893 71.409371 1.937461 -10.553735 29.935849 -24.593699 -30.142309 42.290106 48.703598 0.098269 -33.525828 4.831388 -11.830046 -39.509952 36.791594 -42.925255 -29.660457 -51.413944 37.814362 -1.975501 16.216547 -36.609440 -65.453423 -70.315280 -6.195012 -9.092554 -16.007826 64.059202 -9.891404 -19.859638 -55.845315 48.151487 -14.869154 -64.907160 -77.962502 -25.035134 -16.125009 50.767925 -53.356290 11.502385 25.343997 -62.831402 -67.023794 69.766871 -17.459367 -7.702467 60.037608 7.760894 17.467388 43.157212 20.830343 -59.513183 -17.873334 -82.250076 0.356620 -89.053210 29.520453 -75.922351 -102.381604 -24.857277 28.650654 -18.857784 -10.382566 71.076326 -73.481077 14.945235 36.355291 -53.250891 -93.873287 41.488107 -51.166683 -61.837638 -24.524743 -77.227982 -36.947345 -46.682817 -90.434385 46.797967 3.014239 41.214450 36.398611 -31.433267 28.718812 13.854865 -49.025102 23.078918 -92.833081 -8.761078 -71.705083 72.334908 -78.641092 6.183453 
 fitted_sfs: 666525.869839 278112.205247 173273.447141 127009.540911 100891.068653 83933.638130 71950.961091 63001.782038 56052.555630 50496.603535 45951.921519 42165.077622 38960.998088 36214.747224 33834.741576 31752.304640 29914.922866 28281.753525 26820.552296 25505.524169 24315.787378 23234.256828 22246.819225 21341.712628 20509.057366 19740.494158 19028.901614 18368.175845 17753.054925 17178.978465 16641.974569 16138.567739 15665.703823 15220.687909 14801.133188 14404.917966 14030.149986 13675.136076 13338.356805 13018.444434 12714.165578 12424.402852 12148.144010 11884.468295 11632.536932 11391.584534 11160.908968 10939.869429 10727.875579 10524.386524 10328.896762 10140.950069 9960.117849 9786.004922 9618.244851 9456.497374 9300.446024 9149.796368 9004.273755 8863.621873 8727.601202 8595.987920 8468.571991 8345.156867 8225.557784 8109.601491 7997.124899 7887.974483 7782.005845 7679.082542 7579.076031 7481.864717 7387.333929 7295.374943 7205.885039 7118.766713 7033.927688 6951.280317 6870.741397 6792.231975 6715.676903 6641.004760 6568.147498 6497.040340 6427.621425 6359.832466 6293.616790 6228.920869 6165.693654 6103.886339 6043.451617 5984.345344 5926.524576 5869.948260 5814.577199 5760.373727 5707.301835 5655.326863 5604.415679 5554.536368 5505.658369 5457.752226 5410.789735 5364.743677 5319.587918 5275.297303 5231.847652 5189.215594 5147.378736 5106.315307 5066.004685 5026.426488 4987.561027 4949.390838 4911.896582 4875.061180 4838.867836 4803.300291 4768.342656 4733.979859 4700.197151 4666.980433 4634.315883 4602.189886 4570.589544 4539.503419 4508.918236 4478.822704 4449.205436 4420.055443 4391.362127 4363.115086 4335.304318 4307.920040 4280.953011 4254.393657 4228.233496 4202.463716 4177.075943 4152.062073 4127.414149 4103.124490 4079.185592 4055.590546 4032.331324 4009.401961 3986.795501 3964.505397 3942.525365 3920.849203 3899.470916 3878.384696 3857.584810 3837.065727 3816.822096 3796.848603 3777.140203 3757.691708 3738.498453 3719.555631 3700.858560 3682.402792 3664.183887 3646.197586 3628.439653 3610.906036 3593.592609 3576.495782 3559.611476 3542.936031 3526.465866 3510.197397 3494.127227 3478.251881 3462.568138 3447.072707 3431.762486 3416.634362 3401.685334 3386.912462 3372.312771 3357.883581 3343.622008 3329.525486 3315.591262 3301.816838 3288.199601 3274.737153 3261.427020 3248.266882 3235.254392 3222.387292 3209.663337 3197.080357 3184.636237 3172.328876 3160.156232 3148.116278 3136.207087 3124.426904 3112.773272 3101.244894 3089.839813 3078.556221 3067.392392 3056.346594 3045.417164 3034.602474 3023.900842 3013.310877 3002.830833 2992.459301 2982.194663 2972.035593 2961.980593 2952.028251 2942.177218 2932.426110 2922.773607 2913.218381 2903.759245 2894.394722 2885.123740 2875.945062 2866.857467 2857.859830 2848.950958 2840.129731 2831.395026 2822.745749 2814.180858 2805.699293 2797.299969 2788.981914 2780.744108 2772.585597 2764.505411 2756.502538 2748.576057 2740.725180 2732.948866 2725.246277 2717.616509 2710.058662 2702.572092 2695.155775 2687.808963 2680.530811 2673.320569 2666.177458 2659.100711 2652.089583 2645.143282 2638.261134 2631.442418 2624.686423 2617.992470 2611.359797 2604.787813 2598.275851 2591.823236 2585.429347 2579.093509 2572.815141 2566.593601 2560.428359 2554.318741 2548.264180 2542.264113 2536.317969 2530.425098 2524.585265 2518.797574 2513.061633 2507.376902 2501.742850 2496.159077 2490.624928 2485.139981 2479.703732 2474.315723 2468.975460 2463.682490 2458.436310 2453.236528 2448.082675 2442.974301 2437.910986 2432.892010 2427.917867 2422.987075 2418.099773 2413.255435 2408.453650 2403.694059 2398.976286 2394.299896 2389.664595 2385.069954 2380.515588 2376.001176 2371.526377 2367.090775 2362.694125 2358.336024 2354.016095 2349.734057 2345.489613 2341.282341 2337.112079 2332.978370 2328.880972 2324.819561 2320.793829 2316.803490 2312.848257 2308.927821 2305.041932 2301.190281 2297.372582 2293.588578 2289.837926 2286.120585 2282.436109 2278.784153 2275.164595 2271.577229 2268.021738 2264.497823 2261.005293 2257.543944 2254.113495 2250.713716 2247.344382 2244.004561 2240.696151 2237.416800 2234.167016 2230.946561 2227.755219 2224.592819 2221.459123 2218.353919 2215.277021 2212.228251 2209.207337 2206.214163 2203.248512 2200.310186 2197.398998 2194.514787 2191.657349 2188.826499 2186.022087 2183.243910 2180.491806 2177.765604 2175.065151 2172.390300 2169.740768 2167.116534 2164.517372 2161.943137 2159.393679 2156.868834 2154.368455 2151.892389 2149.440506 2147.012626 2144.608638 2142.228370 2139.871729 2137.538531 2135.228650 2132.941976 2130.678334 2128.437625 2126.219715 2124.024462 2121.851757 2119.701454 2117.573467 2115.467576 2113.383871 2111.322034 2109.282009 2107.263720 2105.266971 2103.291725 2101.337849 2099.405224 2097.493770 2095.603342 2093.733874 2091.885235 2090.057317 2088.250076 2086.463353 2084.697076 2082.951143 2081.225457 2079.519935 2077.834473 2075.933496 2074.523117 2072.897576 2071.291506 2069.705022 2068.138107 2066.590629 2065.062539 2063.553735 2062.064151 2060.593699 2059.142309 2057.709894 2056.296402 2054.901731 2053.525828 2052.168612 2050.830046 2049.509952 2048.208406 2046.925255 2045.660457 2044.413944 2043.185638 2041.975501 2040.783453 2039.609440 2038.453423 2037.315280 2036.195012 2035.092554 2034.007826 2032.940798 2031.891404 2030.859638 2029.845315 2028.848513 2027.869154 2026.907160 2025.962502 2025.035134 2024.125009 2023.232075 2022.356290 2021.497615 2020.656003 2019.831402 2019.023794 2018.233129 2017.459367 2016.702467 2015.962392 2015.239106 2014.532612 2013.842788 2013.169657 2012.513183 2011.873334 2011.250076 2010.643380 2010.053210 2009.479547 2008.922351 2008.381604 2007.857277 2007.349346 2006.857784 2006.382566 2005.923674 2005.481077 2005.054765 2004.644709 2004.250891 2003.873287 2003.511893 2003.166683 2002.837638 2002.524743 2002.227982 2001.947345 2001.682817 2001.434385 2001.202033 2000.985761 2000.785550 2000.601389 2000.433267 2000.281188 2000.145135 2000.025102 1999.921082 1999.833081 1999.761078 1999.705083 1999.665092 1999.641092 999.816547 
 >
 log_likelihood: -18997789.924342 
 distance: 1908.163713 
 breakpoints: 9 34 
 thetas: 998345.678583 499981.677493 496375.455542 
 se_thetas: 385.438769 134.202430 2580.124798 
 residues: 39.044169 -262.303418 -58.593020 788.443844 -280.898439 317.851775 21.241595 -34.278547 -34.035636 -220.268937 -585.920022 -97.520271 176.029616 6.683629 -19.961344 -57.218722 29.432758 -465.158181 57.257519 -117.521347 174.390054 -81.920674 -34.338164 364.901250 -100.321309 -104.645332 317.051615 -201.125682 -55.914523 30.246149 -78.671186 119.809479 -335.257254 51.823922 118.440167 188.713485 -23.463587 -19.397629 -62.568988 -104.609724 218.713731 52.518924 -24.181750 18.532602 -79.499122 -47.511423 87.197935 162.269851 84.294750 55.813606 81.331993 -134.693795 44.164900 -51.696686 127.087940 -44.140910 203.933276 84.604975 -93.851121 -12.178664 -75.138097 -21.505565 33.928995 64.362165 -45.021266 -0.048023 -169.554991 -102.388624 10.595498 -14.466161 6.554959 5.780472 -41.674933 -8.702519 -32.199549 -7.068505 60.782902 -74.557665 117.993008 -17.486116 15.080124 -125.236842 -124.368955 -102.251428 150.177607 70.976447 0.201774 -16.092878 -112.856450 40.959869 132.403393 -26.481727 -42.652539 -6.067987 -46.688867 33.522494 79.602108 -70.415358 61.503231 184.389796 33.274902 -95.811989 108.157328 -10.789923 -32.627602 27.669447 67.125410 -82.236341 -81.393409 -113.324018 195.992454 -1.423605 89.447496 151.623222 112.122916 158.963660 -6.837749 -76.265048 -146.302347 41.065429 -10.146968 -27.925439 88.743841 13.874490 111.479406 -54.429969 -104.840361 -84.740475 30.881078 -80.964715 -84.267250 -21.016126 38.798662 34.186897 82.157822 -79.278988 -98.115049 51.658452 5.049889 -27.932630 14.718850 42.012013 120.954363 -50.447188 103.815387 -76.251946 -58.642228 24.651088 22.634286 70.313570 -27.305066 57.784190 20.587069 28.109105 -97.644352 135.332014 138.043247 -52.505461 12.690552 77.636096 -26.664146 -21.205728 -56.984206 4.004677 -8.234841 2.301292 33.617203 117.716482 -77.396791 2.281045 -9.246429 10.024372 -17.903155 -25.025536 -6.339546 45.158103 -88.529485 68.600805 59.551971 3.326956 48.928736 12.359989 3.623600 52.722137 -39.341648 -58.565256 -96.946074 16.518296 41.830328 15.992345 -107.993308 93.875627 -46.398603 -1.813829 -6.367935 -36.058820 -59.884442 60.157227 23.068115 -12.150026 81.505265 -20.964716 -10.558012 81.727185 -38.107399 -23.060030 58.870954 25.687180 -52.609667 -87.018198 14.463334 -6.163661 51.102434 41.262946 20.319373 -1.726874 3.125556 14.878046 -34.468082 -9.911502 -117.451026 74.914823 76.187118 -88.632904 59.455977 -19.545113 4.365019 -31.812506 -23.076565 -72.426066 36.140036 -79.377201 -127.976690 41.342540 60.581509 1.741172 58.822498 43.826500 84.754100 -3.393916 46.383494 22.087169 54.718013 -29.723075 58.764550 -23.818089 -3.470242 13.808935 5.020191 -7.835693 27.242050 -98.745836 35.201441 11.084557 33.904232 -68.338824 -64.643930 21.989674 -7.437419 -43.924543 -64.471023 -1.076236 -56.739509 -19.460261 -25.237848 -49.071741 -39.961268 -21.905859 48.095050 23.042027 28.935722 -34.223627 -60.435126 -20.698382 59.987145 -34.378016 -45.793462 9.741461 -10.772825 -68.335816 14.052946 11.393955 9.687664 -41.065423 -17.864916 -95.710344 -24.601257 -19.537235 86.482441 5.457277 -101.611244 0.276740 61.121753 100.924207 55.684461 34.402892 20.079932 -18.284121 92.311159 -27.133841 6.381199 -4.143380 25.292839 -40.309899 15.048808 19.369336 -29.348031 46.897003 -24.895141 10.275701 35.409983 24.507950 -16.430075 -56.403784 5.587107 51.542889 -26.536131 -0.649703 17.202481 10.020710 15.805238 -38.443590 34.274265 27.959252 23.611713 8.231773 -31.180365 -60.624383 -3.099980 -31.606967 -59.145139 16.285784 76.686033 -1.944167 21.396115 -72.295018 16.984787 -21.764981 63.455919 -8.352299 13.810538 -38.055334 16.050299 57.127622 22.176812 -48.801857 65.191729 -66.842211 38.096520 33.008109 78.892718 -13.249450 -26.418211 -16.613412 23.165147 1.917630 88.644208 -14.654968 19.020251 21.670148 107.294742 38.894262 -1.531149 -22.981341 47.543852 1.044574 -27.479020 54.973200 -76.598586 -88.194268 27.186327 53.543292 3.876810 -11.812992 37.473996 -35.262052 4.978965 47.197180 10.392733 -36.434264 -28.283666 1.844613 -9.049207 43.034784 66.096903 27.137208 -146.844227 -14.847205 38.128313 -37.917544 46.015346 -42.072939 -21.182252 27.687472 -21.463636 -9.635468 7.172020 21.958988 9.725507 -41.528321 52.197600 -76.096644 12.589049 24.490220 28.900857 66.526621 -19.867090 -19.280390 29.286739 76.834429 7.362727 -5.128262 35.361526 -19.167822 -24.716234 47.716376 54.130061 5.524923 -28.098986 10.258415 -6.402836 -34.082562 42.219162 -37.497513 -24.232542 -45.985858 43.242615 3.452917 21.645128 -31.180700 -60.024525 -64.886227 -0.765806 -3.663198 -10.578322 69.488852 -4.461612 -14.429705 -50.415243 53.581694 -9.438813 -59.476688 -72.531901 -19.604407 -10.694158 56.198897 -47.925199 16.933593 30.775320 -57.399966 -61.592249 75.198524 -12.027609 -2.270606 65.469570 13.192954 22.899545 48.589462 26.262685 -54.080752 -12.440816 -76.817473 5.789305 -83.620444 34.953297 -70.489431 -96.948611 -19.424213 34.083788 -13.424584 -4.949301 76.509654 -68.047689 20.378681 41.788792 -47.817336 -88.439681 46.921762 -45.732981 -56.403891 -19.090953 -71.794152 -31.513477 -41.248913 -85.000447 52.231937 8.448238 46.648476 41.832662 -25.999193 34.152906 19.288979 -43.590973 28.513061 -87.398926 -3.326913 -66.270910 77.769086 -73.206911 8.900544 
 fitted_sfs: 666521.955831 278131.303418 173289.593020 127021.556156 100899.898439 83940.148225 71955.758405 63005.278547 56055.035636 50498.268937 45952.920022 42165.520271 38960.970384 36214.316371 33833.961344 31751.218722 29913.567242 28280.158181 26818.742481 25503.521347 24313.609946 23231.920674 22244.338164 21339.098750 20506.321309 19737.645332 19025.948385 18365.125682 17749.914523 17175.753851 16638.671186 16135.190521 15662.257254 15217.176078 14797.559833 14401.286515 14026.463587 13671.397629 13334.568988 13014.609724 12710.286269 12420.481076 12144.181750 11880.467398 11628.499122 11387.511423 11156.802065 10935.730149 10723.705250 10520.186394 10324.668007 10136.693795 9955.835100 9781.696686 9613.912060 9452.140910 9296.066724 9145.395025 8999.851121 8859.178664 8723.138097 8591.505565 8464.071005 8340.637835 8221.021266 8105.048023 7992.554991 7883.388624 7777.404502 7674.466161 7574.445041 7477.219528 7382.674933 7290.702519 7201.199549 7114.068505 7029.217098 6946.557665 6866.006992 6787.486116 6710.919876 6636.236842 6563.368955 6492.251428 6422.822393 6355.023553 6288.798226 6224.092878 6160.856450 6099.040131 6038.596607 5979.481727 5921.652539 5865.067987 5809.688867 5755.477506 5702.397892 5650.415358 5599.496769 5549.610204 5500.725098 5452.811989 5405.842672 5359.789923 5314.627602 5270.330553 5226.874590 5184.236341 5142.393409 5101.324018 5061.007546 5021.423605 4982.552504 4944.376778 4906.877084 4870.036340 4833.837749 4798.265048 4763.302347 4728.934571 4695.146968 4661.925439 4629.256159 4597.125510 4565.520594 4534.429969 4503.840361 4473.740475 4444.118922 4414.964715 4386.267250 4358.016126 4330.201338 4302.813103 4275.842178 4249.278988 4223.115049 4197.341548 4171.950111 4146.932630 4122.281150 4097.987987 4074.045637 4050.447188 4027.184613 4004.251946 3981.642228 3959.348912 3937.365714 3915.686430 3894.305066 3873.215810 3852.412931 3831.890895 3811.644352 3791.667986 3771.956753 3752.505461 3733.309448 3714.363904 3695.664146 3677.205728 3658.984206 3640.995323 3623.234841 3605.698708 3588.382797 3571.283518 3554.396791 3537.718955 3521.246429 3504.975628 3488.903155 3473.025536 3457.339546 3441.841897 3426.529485 3411.399195 3396.448029 3381.673044 3367.071264 3352.640011 3338.376400 3324.277863 3310.341648 3296.565256 3282.946074 3269.481704 3256.169672 3243.007655 3229.993308 3217.124373 3204.398603 3191.813829 3179.367935 3167.058820 3154.884442 3142.842773 3130.931885 3119.150026 3107.494735 3095.964716 3084.558012 3073.272815 3062.107399 3051.060030 3040.129046 3029.312820 3018.609667 3008.018198 2997.536666 2987.163661 2976.897566 2966.737054 2956.680627 2946.726874 2936.874444 2927.121954 2917.468082 2907.911502 2898.451026 2889.085177 2879.812882 2870.632904 2861.544023 2852.545113 2843.634981 2834.812506 2826.076565 2817.426066 2808.859964 2800.377201 2791.976690 2783.657460 2775.418491 2767.258828 2759.177502 2751.173500 2743.245900 2735.393916 2727.616506 2719.912831 2712.281987 2704.723075 2697.235450 2689.818089 2682.470242 2675.191065 2667.979809 2660.835693 2653.757950 2646.745836 2639.798559 2632.915443 2626.095768 2619.338824 2612.643930 2606.010326 2599.437419 2592.924543 2586.471023 2580.076236 2573.739509 2567.460261 2561.237848 2555.071741 2548.961268 2542.905859 2536.904950 2530.957973 2525.064278 2519.223627 2513.435126 2507.698382 2502.012855 2496.378016 2490.793462 2485.258539 2479.772825 2474.335816 2468.947054 2463.606045 2458.312336 2453.065423 2447.864916 2442.710344 2437.601257 2432.537235 2427.517559 2422.542723 2417.611244 2412.723260 2407.878247 2403.075793 2398.315539 2393.597108 2388.920068 2384.284121 2379.688841 2375.133841 2370.618801 2366.143380 2361.707161 2357.309899 2352.951192 2348.630664 2344.348031 2340.102997 2335.895141 2331.724299 2327.590017 2323.492050 2319.430075 2315.403784 2311.412893 2307.457111 2303.536131 2299.649703 2295.797519 2291.979290 2288.194762 2284.443590 2280.725735 2277.040748 2273.388287 2269.768227 2266.180365 2262.624383 2259.099980 2255.606967 2252.145139 2248.714216 2245.313967 2241.944167 2238.603885 2235.295018 2232.015213 2228.764981 2225.544081 2222.352299 2219.189462 2216.055334 2212.949701 2209.872378 2206.823188 2203.801857 2200.808271 2197.842211 2194.903480 2191.991891 2189.107282 2186.249450 2183.418211 2180.613412 2177.834853 2175.082370 2172.355792 2169.654968 2166.979749 2164.329852 2161.705258 2159.105738 2156.531149 2153.981341 2151.456148 2148.955426 2146.479020 2144.026800 2141.598586 2139.194268 2136.813673 2134.456708 2132.123190 2129.812992 2127.526004 2125.262052 2123.021035 2120.802820 2118.607267 2116.434264 2114.283666 2112.155387 2110.049207 2107.965216 2105.903097 2103.862792 2101.844227 2099.847205 2097.871687 2095.917544 2093.984654 2092.072939 2090.182252 2088.312528 2086.463636 2084.635468 2082.827980 2081.041012 2079.274493 2077.528321 2075.802400 2074.096644 2072.410951 2070.509780 2069.099143 2067.473379 2065.867090 2064.280390 2062.713261 2061.165571 2059.637273 2058.128262 2056.638474 2055.167822 2053.716234 2052.283624 2050.869939 2049.475077 2048.098986 2046.741585 2045.402836 2044.082562 2042.780838 2041.497513 2040.232542 2038.985858 2037.757385 2036.547083 2035.354872 2034.180700 2033.024525 2031.886227 2030.765806 2029.663198 2028.578322 2027.511148 2026.461612 2025.429705 2024.415243 2023.418306 2022.438813 2021.476688 2020.531901 2019.604407 2018.694158 2017.801103 2016.925199 2016.066407 2015.224680 2014.399966 2013.592249 2012.801476 2012.027609 2011.270606 2010.530430 2009.807046 2009.100455 2008.410538 2007.737315 2007.080752 2006.440816 2005.817473 2005.210695 2004.620444 2004.046703 2003.489431 2002.948611 2002.424213 2001.916212 2001.424584 2000.949301 2000.490346 2000.047689 1999.621319 1999.211208 1998.817336 1998.439681 1998.078238 1997.732981 1997.403891 1997.090953 1996.794152 1996.513477 1996.248913 1996.000447 1995.768063 1995.551762 1995.351524 1995.167338 1994.999193 1994.847094 1994.711021 1994.590973 1994.486939 1994.398926 1994.326913 1994.270910 1994.230914 1994.206911 997.099456 
 >
 log_likelihood: -18997789.267095 
 distance: 1855.024177 
 breakpoints: 8 10 34 
 thetas: 1021310.202294 688525.937815 499948.772516 496353.314989 
 se_thetas: 1788.087294 4265.543046 185.981480 2605.750206 
 residues: 4.238509 -22.878222 -168.938303 667.645840 -350.522168 285.970591 9.209037 -37.273394 -33.295331 -218.142593 -583.380406 -94.945483 178.505596 9.022606 -17.762057 -55.149957 31.383102 -463.314373 59.005517 -115.859766 175.973380 -80.408513 -32.890995 366.288844 -98.988518 -103.363129 318.286980 -199.933806 -54.763135 31.359750 -77.592932 120.854598 -334.243260 52.808625 119.397254 189.644493 -22.557247 -18.514657 -61.708183 -103.769971 219.533450 53.319572 -23.399286 19.297710 -78.750596 -46.778769 87.915418 162.972785 84.983730 56.489151 81.994712 -134.043447 44.803345 -51.069701 127.703883 -43.535614 204.528302 85.190085 -93.275589 -11.612390 -74.580774 -20.956907 34.469267 64.894312 -44.496990 0.468621 -169.045751 -101.886566 11.090580 -13.977853 7.036684 6.255799 -41.205829 -8.239467 -31.742387 -6.617077 61.228746 -74.117261 118.428111 -17.056180 15.505021 -124.816860 -123.953768 -101.840922 150.583549 71.377923 0.598891 -15.700019 -112.467753 41.344493 132.784044 -26.104965 -42.279584 -5.698756 -46.323280 33.884514 79.960635 -70.060252 61.854986 184.738268 33.620157 -95.469887 108.496338 -10.453943 -32.294594 27.999541 67.452643 -81.911914 -81.071735 -113.005046 196.308772 -1.109891 89.758661 151.931865 112.429091 159.267411 -6.536381 -75.966022 -146.005620 41.359895 -9.854725 -27.635384 89.031744 14.160281 111.763126 -54.148304 -104.560708 -84.462803 31.156800 -80.690910 -83.995334 -20.746069 39.066888 34.453321 82.422468 -79.016087 -97.853870 51.917935 5.307702 -27.676464 14.973394 42.264958 121.205733 -50.197378 104.063673 -76.005169 -58.396939 24.894910 22.876662 70.554519 -27.065523 58.022345 20.823855 28.344541 -97.410249 135.564802 138.274737 -52.275250 12.919500 77.863797 -26.437675 -20.980471 -56.760149 4.227550 -8.013136 2.521842 33.836616 117.934769 -77.179616 2.497123 -9.031435 10.238295 -17.690290 -24.813715 -6.128758 45.367872 -88.320723 68.808570 59.758753 3.532765 49.133585 12.563888 3.826561 52.924170 -39.140532 -58.365047 -96.746761 16.716723 42.027880 16.189030 -107.797479 94.070609 -46.204458 -1.620512 -6.175437 -35.867133 -59.693556 60.347321 23.257425 -11.961495 81.693033 -20.777706 -10.371753 81.912702 -37.922617 -22.875975 59.054290 25.869805 -52.427745 -86.836975 14.643868 -5.983811 51.281610 41.441453 20.497218 -1.549684 3.302098 15.053946 -34.292817 -9.736866 -117.277014 75.088220 76.359905 -88.460721 59.627562 -19.374120 4.535426 -31.642679 -22.907314 -72.257383 36.308155 -79.209641 -127.809682 41.509001 60.747428 1.906554 58.987348 43.990824 84.917903 -3.230631 46.546268 22.249436 54.879778 -29.561806 58.925324 -23.657802 -3.310439 13.968259 5.179041 -7.677313 27.399964 -98.588384 35.358437 11.241100 34.060326 -68.183174 -64.488722 22.144447 -7.283079 -43.770631 -64.317536 -0.923170 -56.586860 -19.308025 -25.086021 -48.920320 -39.810249 -21.755238 48.245276 23.191862 29.085172 -34.074565 -60.286444 -20.550078 60.135076 -34.230455 -45.646270 9.888289 -10.626358 -68.189707 14.198700 11.539358 9.832719 -40.920713 -17.720548 -95.566315 -24.457565 -19.393876 86.625476 5.599977 -101.468866 0.418796 61.263490 101.065628 55.825569 34.543689 20.220423 -18.143937 92.451041 -26.994258 6.520485 -4.004389 25.431539 -40.171489 15.186930 19.507175 -29.210473 47.034281 -24.758139 10.412427 35.546438 24.644135 -16.294157 -56.268131 5.722498 51.678019 -26.401258 -0.515086 17.336844 10.154822 15.939101 -38.309972 34.407637 28.092380 23.744602 8.364424 -31.047950 -60.492202 -2.968031 -31.475248 -59.013647 16.417050 76.817075 -1.813347 21.526732 -72.164635 17.114954 -21.635028 63.585661 -8.222767 13.939861 -37.926217 16.179212 57.256332 22.305322 -48.673546 65.319843 -66.714292 38.224246 33.135643 79.020062 -13.122294 -26.291240 -16.486626 23.291750 2.044052 88.770450 -14.528904 19.146139 21.795862 107.420284 39.019633 -1.405947 -22.856307 47.668719 1.169277 -27.354480 55.097579 -76.474367 -88.070207 27.310232 53.667041 4.000405 -11.689548 37.597290 -35.138907 5.101962 47.320031 10.515440 -36.311700 -28.161244 1.966895 -8.927062 43.156790 66.218774 27.258944 -146.722624 -14.725732 38.249655 -37.796330 46.136433 -41.951978 -21.061415 27.808185 -21.343044 -9.514996 7.292373 22.079223 9.845626 -41.408317 52.317491 -75.976866 12.708716 24.614429 29.020313 66.645964 -19.747853 -19.161257 29.405769 76.953357 7.481555 -5.009534 35.480156 -19.049289 -24.597796 47.834720 54.248312 5.643082 -27.980918 10.376394 -6.284946 -33.964757 42.336880 -37.379878 -24.114991 -45.868390 43.360003 3.570225 21.762358 -31.063547 -59.907448 -64.769225 -0.648878 -3.546342 -10.461537 69.605566 -4.344967 -14.313129 -50.298733 53.698139 -9.322433 -59.360371 -72.415646 -19.488213 -10.578024 56.314972 -47.809181 17.049554 30.891226 -57.284115 -61.476451 75.314270 -11.911913 -2.154960 65.585167 13.308503 23.015047 48.704919 26.378098 -53.965382 -12.325488 -76.702186 5.904552 -83.505236 35.068467 -70.374298 -96.833513 -19.309149 34.198818 -13.309586 -4.834334 76.624590 -67.932782 20.493560 41.903645 -47.702510 -88.324879 47.036540 -45.618226 -56.289157 -18.976240 -71.679458 -31.398802 -41.134255 -84.885806 52.346563 8.562850 46.763074 41.947249 -25.884617 34.267472 19.403535 -43.476424 28.627603 -87.284390 -3.212382 -66.156383 77.883611 -73.092388 8.957806 
 fitted_sfs: 666556.761491 277891.878222 173399.938303 127142.354160 100969.522168 83972.029409 71967.790963 63008.273394 56054.295331 50496.142593 45950.380406 42162.945483 38958.494404 36211.977394 33831.762057 31749.149957 29911.616898 28278.314373 26816.994483 25501.859766 24312.026620 23230.408513 22242.890995 21337.711156 20504.988518 19736.363129 19024.713020 18363.933806 17748.763135 17174.640250 16637.592932 16134.145402 15661.243260 15216.191375 14796.602746 14400.355507 14025.557247 13670.514657 13333.708183 13013.769971 12709.466550 12419.680428 12143.399286 11879.702290 11627.750596 11386.778769 11156.084582 10935.027215 10723.016270 10519.510849 10324.005288 10136.043447 9955.196655 9781.069701 9613.296117 9451.535614 9295.471698 9144.809915 8999.275589 8858.612390 8722.580774 8590.956907 8463.530733 8340.105688 8220.496990 8104.531379 7992.045751 7882.886566 7776.909420 7673.977853 7573.963316 7476.744201 7382.205829 7290.239467 7200.742387 7113.617077 7028.771254 6946.117261 6865.571889 6787.056180 6710.494979 6635.816860 6562.953768 6491.840922 6422.416451 6354.622077 6288.401109 6223.700019 6160.467753 6098.655507 6038.215956 5979.104965 5921.279584 5864.698756 5809.323280 5755.115486 5702.039365 5650.060252 5599.145014 5549.261732 5500.379843 5452.469887 5405.503662 5359.453943 5314.294594 5270.000459 5226.547357 5183.911914 5142.071735 5101.005046 5060.691228 5021.109891 4982.241339 4944.068135 4906.570909 4869.732589 4833.536381 4797.966022 4763.005620 4728.640105 4694.854725 4661.635384 4628.968256 4596.839719 4565.236874 4534.148304 4503.560708 4473.462803 4443.843200 4414.690910 4385.995334 4357.746069 4329.933112 4302.546679 4275.577532 4249.016087 4222.853870 4197.082065 4171.692298 4146.676464 4122.026606 4097.735042 4073.794267 4050.197378 4026.936327 4004.005169 3981.396939 3959.105090 3937.123338 3915.445481 3894.065523 3872.977655 3852.176145 3831.655459 3811.410249 3791.435198 3771.725263 3752.275250 3733.080500 3714.136203 3695.437675 3676.980471 3658.760149 3640.772450 3623.013136 3605.478158 3588.163384 3571.065231 3554.179616 3537.502877 3521.031435 3504.761705 3488.690290 3472.813715 3457.128758 3441.632128 3426.320723 3411.191430 3396.241247 3381.467235 3366.866415 3352.436112 3338.173439 3324.075830 3310.140532 3296.365047 3282.746761 3269.283277 3255.972120 3242.810970 3229.797479 3216.929391 3204.204458 3191.620512 3179.175437 3166.867133 3154.693556 3142.652679 3130.742575 3118.961495 3107.306967 3095.777706 3084.371753 3073.087298 3061.922617 3050.875975 3039.945710 3029.130195 3018.427745 3007.836975 2997.356132 2986.983811 2976.718390 2966.558547 2956.502782 2946.549684 2936.697902 2926.946054 2917.292817 2907.736866 2898.277014 2888.911780 2879.640095 2870.460721 2861.372438 2852.374120 2843.464574 2834.642679 2825.907314 2817.257383 2808.691845 2800.209641 2791.809682 2783.490999 2775.252572 2767.093446 2759.012652 2751.009176 2743.082097 2735.230631 2727.453732 2719.750564 2712.120222 2704.561806 2697.074676 2689.657802 2682.310439 2675.031741 2667.820959 2660.677313 2653.600036 2646.588384 2639.641563 2632.758900 2625.939674 2619.183174 2612.488722 2605.855553 2599.283079 2592.770631 2586.317536 2579.923170 2573.586860 2567.308025 2561.086021 2554.920320 2548.810249 2542.755238 2536.754724 2530.808138 2524.914828 2519.074565 2513.286444 2507.550078 2501.864924 2496.230455 2490.646270 2485.111711 2479.626358 2474.189707 2468.801300 2463.460642 2458.167281 2452.920713 2447.720548 2442.566315 2437.457565 2432.393876 2427.374524 2422.400023 2417.468866 2412.581204 2407.736510 2402.934372 2398.174431 2393.456311 2388.779577 2384.143937 2379.548959 2374.994258 2370.479515 2366.004389 2361.568461 2357.171489 2352.813070 2348.492825 2344.210473 2339.965719 2335.758139 2331.587573 2327.453562 2323.355865 2319.294157 2315.268131 2311.277502 2307.321981 2303.401258 2299.515086 2295.663156 2291.845178 2288.060899 2284.309972 2280.592363 2276.907620 2273.255398 2269.635576 2266.047950 2262.492202 2258.968031 2255.475248 2252.013647 2248.582950 2245.182925 2241.813347 2238.473268 2235.164635 2231.885046 2228.635028 2225.414339 2222.222767 2219.060139 2215.926217 2212.820788 2209.743668 2206.694678 2203.673546 2200.680157 2197.714292 2194.775754 2191.864357 2188.979938 2186.122294 2183.291240 2180.486626 2177.708250 2174.955948 2172.229550 2169.528904 2166.853861 2164.204138 2161.579716 2158.980367 2156.405947 2153.856307 2151.331281 2148.830723 2146.354480 2143.902421 2141.474367 2139.070207 2136.689768 2134.332959 2131.999595 2129.689548 2127.402710 2125.138907 2122.898038 2120.679969 2118.484560 2116.311700 2114.161244 2112.033105 2109.927062 2107.843210 2105.781226 2103.741056 2101.722624 2099.725732 2097.750345 2095.796330 2093.863567 2091.951978 2090.061415 2088.191815 2086.343044 2084.514996 2082.707627 2080.920777 2079.154374 2077.408317 2075.682509 2073.976866 2072.291284 2070.385571 2068.979687 2067.354036 2065.747853 2064.161257 2062.594231 2061.046643 2059.518445 2058.009534 2056.519844 2055.049289 2053.597796 2052.165280 2050.751688 2049.356918 2047.980918 2046.623606 2045.284946 2043.964757 2042.663120 2041.379878 2040.114991 2038.868390 2037.639997 2036.429775 2035.237642 2034.063547 2032.907448 2031.769225 2030.648878 2029.546342 2028.461537 2027.394434 2026.344967 2025.313129 2024.298733 2023.301861 2022.322433 2021.360371 2020.415646 2019.488213 2018.578024 2017.685028 2016.809181 2015.950446 2015.108774 2014.284115 2013.476451 2012.685730 2011.911913 2011.154960 2010.414833 2009.691497 2008.984953 2008.295081 2007.621902 2006.965382 2006.325488 2005.702186 2005.095448 2004.505236 2003.931533 2003.374298 2002.833513 2002.309149 2001.801182 2001.309586 2000.834334 2000.375410 1999.932782 1999.506440 1999.096355 1998.702510 1998.324879 1997.963460 1997.618226 1997.289157 1996.976240 1996.679458 1996.398802 1996.134255 1995.885806 1995.653437 1995.437150 1995.236926 1995.052751 1994.884617 1994.732528 1994.596465 1994.476424 1994.372397 1994.284390 1994.212382 1994.156383 1994.116389 1994.092388 997.042194 
