0.0001
0.000133
0.000178
0.000237
0.000316
0.000421
0.000562
0.000749
0.000999
0.001332
0.001776
0.002368
0.003157
0.004209
0.005612
0.007483
0.009977
0.013303
0.017738
0.02365
0.031534
0.042045
0.05606
0.074747
0.099662
0.132883
0.177177
0.236236
0.314981
0.419975
0.559967
0.746622
0.995496
1.327328
2.0
>
-29945154.086729 58563.788352 59890308.173458
 973798.744589  
>
-29888972.32753 7518.425492 59777948.65506
23.0 1002476.662943 707834.423875  
>
-29883888.142003 1970.865643 59767784.284006
25.0 34.0 999873.366651 506110.552563 1247676.812971  
>
-29883885.89152 1965.060596 59767783.78304
25.0 26.0 32.0 999792.306732 548218.881585 483591.302238 937785.310374  
