0.000100
0.000133
0.000178
0.000237
0.000316
0.000421
0.000562
0.000749
0.000999
0.001332
0.001776
0.002368
0.003157
0.004209
0.005612
0.007483
0.009977
0.013303
0.017738
0.023650
0.031534
0.042045
0.056060
0.074747
0.099662
0.132883
0.177177
0.236236
0.314981
0.419975
0.559967
0.746622
0.995496
1.327328
2.000000
 >
 log_likelihood: -29945154.086729 
 distance: 58563.788352 
 breakpoints: 
 thetas: 973798.744589 
 se_thetas: 2035.490040 
 residues: 17442.481899 4273.877455 98.689546 -1486.395736 -3206.441119 -4134.467575 -4503.769753 -5084.495038 -4977.503034 -5022.509559 -5209.788265 -5691.521649 -6243.220580 -5902.678689 -6058.544535 -5806.054396 -5721.918632 -5686.578686 -6010.224774 -5903.609402 -5893.055906 -5591.283356 -5846.799273 -5762.692419 -6292.717703 -5917.591246 -5619.441094 -5672.377149 -5595.149377 -5473.874365 -5568.814999 -5500.201219 -5564.083650 -5231.212775 -5417.939130 -5460.129778 -5375.098646 -5253.547573 -5335.516752 -5442.342113 -5244.620387 -5532.175759 -5309.035986 -5051.407594 -5146.656668 -5049.291811 -5050.946714 -4801.371677 -5005.417215 -4891.027967 -4948.224489 -5010.112814 -4881.859808 -4859.695679 -4685.906624 -4818.829823 -4650.848894 -4642.390165 -4675.918681 -4650.935183 -4543.973133 -4496.596330 -4422.395859 -4533.988709 -4582.015137 -4466.137515 -4279.038189 -4248.418164 -4365.996002 -4237.506055 -4234.697851 -4115.334645 -3940.192918 -4096.060990 -3966.738670 -4088.036118 -4010.773514 -4017.780159 -4030.894006 -3970.961197 -3798.835378 -4017.377398 -3889.454742 -3716.941238 -3756.716522 -3688.666505 -3595.681307 -3747.656599 -3512.492808 -3675.094767 -3425.370858 -3535.234526 -3549.602259 -3447.394161 -3557.533822 -3495.947919 -3448.566253 -3387.321373 -3259.148677 -3363.986043 -3264.773895 -3423.454906 -3284.974078 -3101.278432 -3224.317055 -3202.040947 -3189.402974 -3099.357666 -3148.861337 -3271.871699 -3132.348352 -3065.251845 -3000.544104 -3136.189883 -3114.152742 -2903.399051 -2844.896039 -2909.612011 -2853.516166 -3062.579014 -3016.771863 -2875.067130 -2840.437949 -2751.858087 -2834.302429 -2785.747677 -2757.169128 -2729.544381 -2701.851291 -2713.068447 -2818.175141 -2641.151173 -2794.977034 -2449.633723 -2602.103046 -2514.366754 -2549.407923 -2628.209560 -2607.755342 -2514.029437 -2473.016388 -2430.701221 -2308.069344 -2409.106947 -2394.799326 -2332.133977 -2465.097610 -2387.677510 -2395.861390 -2371.637208 -2275.993282 -2366.918263 -2311.401030 -2186.430796 -2307.997096 -2198.089630 -2184.698495 -2289.813770 -2224.426172 -2223.526395 -2088.105369 -2050.154366 -2226.664773 -2105.628257 -2166.036609 -2052.881901 -2068.156224 -2118.852286 -2135.962409 -2009.479410 -1899.396266 -2117.706038 -1954.402046 -1914.477611 -1924.926376 -2073.741994 -1957.918370 -1906.449465 -1885.329423 -1795.552507 -1917.113011 -1934.005579 -1998.224718 -2000.765300 -1680.622075 -1788.790092 -1726.264349 -1821.040099 -1982.112579 -1771.477218 -1846.129473 -1883.064934 -1776.279247 -1720.768180 -1761.527593 -1688.553408 -1629.841642 -1684.388368 -1811.189795 -1815.242341 -1751.541774 -1755.085031 -1723.868441 -1672.888512 -1650.141867 -1659.625156 -1658.335128 -1612.268599 -1668.422361 -1541.793522 -1552.378870 -1513.175555 -1581.180547 -1554.391129 -1540.804445 -1547.417747 -1576.228373 -1433.233653 -1562.431004 -1417.817861 -1456.391813 -1573.150197 -1451.090761 -1448.211116 -1449.508913 -1521.981910 -1459.627826 -1472.444468 -1390.429658 -1562.581270 -1332.897242 -1363.375516 -1475.014025 -1359.810832 -1590.763970 -1408.871551 -1348.131690 -1516.542475 -1423.102099 -1466.808901 -1295.660989 -1363.656680 -1309.794244 -1327.071971 -1453.488409 -1396.041753 -1398.730478 -1280.552981 -1324.507761 -1403.593302 -1333.808112 -1338.150733 -1241.619674 -1262.213567 -1317.931012 -1248.770631 -1240.731086 -1208.810969 -1168.009051 -1265.324035 -1249.754632 -1242.299610 -1386.957698 -1182.727725 -1175.608468 -1229.598826 -1260.697563 -1234.903559 -1229.215703 -1142.632889 -1241.153940 -1186.778091 -1162.503943 -1240.330594 -1120.257006 -1087.282160 -1128.405167 -1160.624902 -1097.940470 -1189.350908 -1199.855300 -1197.452705 -1088.142226 -1063.922927 -1068.793985 -1108.754507 -1043.803627 -1152.940513 -1195.164048 -1018.474304 -1057.869431 -1037.349167 -1142.912606 -1082.558960 -974.287499 -950.097478 -1054.988105 -932.958724 -1050.008559 -1069.136877 -1104.343015 -1148.626297 -1059.985973 -976.421470 -1009.932063 -970.517059 -1074.175859 -1047.907857 -922.712326 -1062.588800 -887.536529 -917.554975 -1050.643524 -933.801585 -978.028589 -901.323971 -1064.687148 -913.117600 -1041.614752 -958.178054 -923.806989 -923.500961 -900.259670 -1026.082423 -969.968635 -909.917935 -850.929877 -1031.003911 -828.139503 -962.336233 -945.593667 -852.911303 -790.288688 -918.725380 -897.220248 -1009.774925 -922.386901 -905.056461 -851.783162 -973.566586 -959.406363 -953.302058 -924.253265 -811.259609 -896.320719 -871.436141 -882.605572 -762.828614 -838.104889 -921.434035 -931.815713 -848.249550 -752.735189 -973.272312 -741.860552 -908.499582 -846.189068 -965.928700 -819.718171 -844.557047 -862.445149 -1032.382102 -968.367611 -805.401380 -866.483096 -729.612472 -769.789212 -785.013044 -831.283653 -831.600790 -773.964150 -817.373504 -820.828540 -857.329002 -759.874650 -798.465188 -823.100388 -880.779994 -907.503746 -905.271412 -732.082730 -764.937497 -914.835379 -765.776350 -748.759984 -787.786113 -737.854552 -775.964998 -831.117307 -810.311244 -707.546585 -630.823148 -687.140689 -837.499043 -806.897980 -846.337297 -1011.816855 -754.336401 -705.895770 -760.494771 -834.133216 -777.810933 -642.527731 -734.053345 -650.077624 -665.910889 -793.782316 -855.691934 -767.639643 -715.625233 -728.648578 -740.709498 -791.807854 -775.943482 -729.116238 -788.325965 -669.572538 -777.855786 -671.175587 -630.531792 -673.924297 -840.352860 -714.817489 -792.317971 -684.854199 -816.426043 -683.033367 -796.676071 -763.354016 -721.067093 -685.815203 -750.598171 -701.415942 -793.268397 -718.155402 -752.076878 -692.032706 -702.022829 -800.047015 -674.105293 -575.197537 -702.323623 -671.483475 -656.677004 -742.904119 -708.164724 -631.458736 -644.786074 -754.146650 -789.540374 -714.967190 -699.427006 -697.919749 -668.445341 -658.003709 -722.594783 -732.218531 -687.874801 -779.563580 -710.284804 -747.038409 -731.824332 -711.642514 -667.492892 -736.375420 -761.290030 -658.236680 -709.215315 -663.225886 -764.268345 -694.342642 -703.448739 -719.586583 -674.756144 -661.957373 -624.190234 -597.454684 -669.750702 -735.078246 -734.437280 -718.827775 -690.249701 -680.703033 -701.187745 -577.703810 -750.251202 -621.829910 -705.439906 -744.081168 -642.753678 -611.457432 -788.192405 -661.958588 -730.755965 -732.584539 -557.444285 -664.335209 -674.257304 -751.210558 -374.597488 
 fitted_sfs: 974773.518101 487875.122545 325576.310454 244427.395736 195738.441119 163279.467575 140094.769753 122706.495038 109182.503034 98363.509559 89511.788265 82135.521649 75894.220580 70544.678689 65908.544535 61852.054396 58272.918632 55091.578686 52245.224774 49683.609402 47366.055906 45259.283356 43335.799273 41572.692419 39950.717703 38453.591246 37067.441094 35780.377149 34582.149377 33463.874365 32417.814999 31437.201219 30516.083650 29649.212775 28831.939130 28060.129778 27330.098646 26638.547573 25982.516752 25359.342113 24766.620387 24202.175759 23664.035986 23150.407594 22659.656668 22190.291811 21740.946714 21310.371677 20897.417215 20501.027967 20120.224489 19754.112814 19401.859808 19062.695679 18735.906624 18420.829823 18116.848894 17823.390165 17539.918681 17265.935183 17000.973133 16744.596330 16496.395859 16255.988709 16023.015137 15797.137515 15578.038189 15365.418164 15158.996002 14958.506055 14763.697851 14574.334645 14390.192918 14211.060990 14036.738670 13867.036118 13701.773514 13540.780159 13383.894006 13230.961197 13081.835378 12936.377398 12794.454742 12655.941238 12520.716522 12388.666505 12259.681307 12133.656599 12010.492808 11890.094767 11772.370858 11657.234526 11544.602259 11434.394161 11326.533822 11220.947919 11117.566253 11016.321373 10917.148677 10819.986043 10724.773895 10631.454906 10539.974078 10450.278432 10362.317055 10276.040947 10191.402974 10108.357666 10026.861337 9946.871699 9868.348352 9791.251845 9715.544104 9641.189883 9568.152742 9496.399051 9425.896039 9356.612011 9288.516166 9221.579014 9155.771863 9091.067130 9027.437949 8964.858087 8903.302429 8842.747677 8783.169128 8724.544381 8666.851291 8610.068447 8554.175141 8499.151173 8444.977034 8391.633723 8339.103046 8287.366754 8236.407923 8186.209560 8136.755342 8088.029437 8040.016388 7992.701221 7946.069344 7900.106947 7854.799326 7810.133977 7766.097610 7722.677510 7679.861390 7637.637208 7595.993282 7554.918263 7514.401030 7474.430796 7434.997096 7396.089630 7357.698495 7319.813770 7282.426172 7245.526395 7209.105369 7173.154366 7137.664773 7102.628257 7068.036609 7033.881901 7000.156224 6966.852286 6933.962409 6901.479410 6869.396266 6837.706038 6806.402046 6775.477611 6744.926376 6714.741994 6684.918370 6655.449465 6626.329423 6597.552507 6569.113011 6541.005579 6513.224718 6485.765300 6458.622075 6431.790092 6405.264349 6379.040099 6353.112579 6327.477218 6302.129473 6277.064934 6252.279247 6227.768180 6203.527593 6179.553408 6155.841642 6132.388368 6109.189795 6086.242341 6063.541774 6041.085031 6018.868441 5996.888512 5975.141867 5953.625156 5932.335128 5911.268599 5890.422361 5869.793522 5849.378870 5829.175555 5809.180547 5789.391129 5769.804445 5750.417747 5731.228373 5712.233653 5693.431004 5674.817861 5656.391813 5638.150197 5620.090761 5602.211116 5584.508913 5566.981910 5549.627826 5532.444468 5515.429658 5498.581270 5481.897242 5465.375516 5449.014025 5432.810832 5416.763970 5400.871551 5385.131690 5369.542475 5354.102099 5338.808901 5323.660989 5308.656680 5293.794244 5279.071971 5264.488409 5250.041753 5235.730478 5221.552981 5207.507761 5193.593302 5179.808112 5166.150733 5152.619674 5139.213567 5125.931012 5112.770631 5099.731086 5086.810969 5074.009051 5061.324035 5048.754632 5036.299610 5023.957698 5011.727725 4999.608468 4987.598826 4975.697563 4963.903559 4952.215703 4940.632889 4929.153940 4917.778091 4906.503943 4895.330594 4884.257006 4873.282160 4862.405167 4851.624902 4840.940470 4830.350908 4819.855300 4809.452705 4799.142226 4788.922927 4778.793985 4768.754507 4758.803627 4748.940513 4739.164048 4729.474304 4719.869431 4710.349167 4700.912606 4691.558960 4682.287499 4673.097478 4663.988105 4654.958724 4646.008559 4637.136877 4628.343015 4619.626297 4610.985973 4602.421470 4593.932063 4585.517059 4577.175859 4568.907857 4560.712326 4552.588800 4544.536529 4536.554975 4528.643524 4520.801585 4513.028589 4505.323971 4497.687148 4490.117600 4482.614752 4475.178054 4467.806989 4460.500961 4453.259670 4446.082423 4438.968635 4431.917935 4424.929877 4418.003911 4411.139503 4404.336233 4397.593667 4390.911303 4384.288688 4377.725380 4371.220248 4364.774925 4358.386901 4352.056461 4345.783162 4339.566586 4333.406363 4327.302058 4321.253265 4315.259609 4309.320719 4303.436141 4297.605572 4291.828614 4286.104889 4280.434035 4274.815713 4269.249550 4263.735189 4258.272312 4252.860552 4247.499582 4242.189068 4236.928700 4231.718171 4226.557047 4221.445149 4216.382102 4211.367611 4206.401380 4201.483096 4196.612472 4191.789212 4187.013044 4182.283653 4177.600790 4172.964150 4168.373504 4163.828540 4159.329002 4154.874650 4150.465188 4146.100388 4141.779994 4137.503746 4133.271412 4129.082730 4124.937497 4120.835379 4116.776350 4112.759984 4108.786113 4104.854552 4100.964998 4097.117307 4093.311244 4089.546585 4085.823148 4082.140689 4078.499043 4074.897980 4071.337297 4067.816855 4064.336401 4060.895770 4057.494771 4054.133216 4050.810933 4047.527731 4044.053345 4041.077624 4037.910889 4034.782316 4031.691934 4028.639643 4025.625233 4022.648578 4019.709498 4016.807854 4013.943482 4011.116238 4008.325965 4005.572538 4002.855786 4000.175587 3997.531792 3994.924297 3992.352860 3989.817489 3987.317971 3984.854199 3982.426043 3980.033367 3977.676071 3975.354016 3973.067093 3970.815203 3968.598171 3966.415942 3964.268397 3962.155402 3960.076878 3958.032706 3956.022829 3954.047015 3952.105293 3950.197537 3948.323623 3946.483475 3944.677004 3942.904119 3941.164724 3939.458736 3937.786074 3936.146650 3934.540374 3932.967190 3931.427006 3929.919749 3928.445341 3927.003709 3925.594783 3924.218531 3922.874801 3921.563580 3920.284804 3919.038409 3917.824332 3916.642514 3915.492892 3914.375420 3913.290030 3912.236680 3911.215315 3910.225886 3909.268345 3908.342642 3907.448739 3906.586583 3905.756144 3904.957373 3904.190234 3903.454684 3902.750702 3902.078246 3901.437280 3900.827775 3900.249701 3899.703033 3899.187745 3898.703810 3898.251202 3897.829910 3897.439906 3897.081168 3896.753678 3896.457432 3896.192405 3895.958588 3895.755965 3895.584539 3895.444285 3895.335209 3895.257304 3895.210558 1947.597488 
 >
 log_likelihood: -29888972.327530 
 distance: 7518.425492 
 breakpoints: 23 
 thetas: 1002476.662943 707834.423875 
 se_thetas: 309.996512 1564.837357 
 residues: -1005.503285 -0.226180 442.751669 1089.509931 648.797939 525.478270 691.018842 477.615690 841.234074 976.224677 913.967511 516.693646 18.850976 389.741413 245.903656 495.977220 566.202221 578.419809 224.230622 294.304514 263.460080 519.903767 215.884455 248.936189 -334.179815 -13.749506 228.459432 118.640282 138.299124 201.536303 48.273204 58.436754 -63.889930 210.656824 -34.176049 -134.172378 -106.575077 -42.025476 -180.512323 -343.327943 -201.032288 -543.418636 -374.489017 -170.428714 -318.586492 -273.457087 -326.663273 -127.947158 -382.153322 -317.222564 -423.173173 -533.110796 -452.203072 -476.682242 -348.837584 -527.010285 -403.588767 -439.004871 -515.729759 -533.270810 -468.168582 -461.994363 -428.347045 -579.851712 -667.156941 -589.933622 -440.872771 -447.684185 -602.095313 -509.849457 -542.705142 -458.434638 -317.823453 -507.668915 -411.779818 -565.975267 -521.084336 -559.945157 -604.404444 -575.317026 -433.545148 -681.958166 -583.431979 -439.848723 -508.096238 -468.068551 -402.663756 -581.785399 -373.341675 -562.245062 -338.411454 -473.761723 -513.219644 -435.712489 -570.170903 -532.528497 -508.721887 -470.690320 -365.375775 -492.722594 -415.677550 -596.189548 -479.209713 -316.691072 -460.588611 -458.859116 -466.461136 -396.354768 -465.501798 -607.865297 -487.410131 -439.102005 -392.907893 -546.797552 -542.739369 -349.704499 -308.664851 -390.593318 -351.463593 -577.250599 -547.929967 -422.478354 -403.873047 -331.091878 -429.113721 -395.919223 -382.487482 -369.799868 -356.837920 -382.583838 -502.020457 -339.131044 -506.899492 -175.310132 -341.348043 -266.998165 -315.246727 -407.079806 -399.484095 -318.446719 -289.955117 -259.997155 -149.561024 -262.635653 -260.208984 -209.271163 -353.811460 -287.819681 -307.286009 -294.200822 -209.554811 -311.338958 -266.544420 -152.162649 -284.185373 -184.604443 -181.412064 -296.600380 -241.162140 -250.090025 -124.376912 -96.015988 -282.000514 -170.323997 -239.980031 -135.962456 -160.265095 -219.882367 -245.808257 -128.037218 -26.563839 -253.382751 -98.488824 -66.876895 -85.542095 -242.479537 -134.684558 -91.152528 -77.878966 4.140507 -125.089727 -149.565622 -221.282958 -231.237869 81.573668 -33.844612 21.511110 -80.355588 -248.441085 -44.741938 -126.254703 -169.976055 -69.902704 -21.031461 -68.359215 -1.882891 50.400503 -10.506077 -143.599794 -153.878009 -96.337393 -105.975802 -80.790450 -35.778717 -18.938083 -34.266039 -38.760161 1.581921 -60.237380 60.784036 44.648615 78.358449 4.915825 26.322724 34.581285 22.693549 -11.338518 126.487070 -7.827774 131.718856 88.128716 -33.596159 83.545848 81.556510 75.437571 -1.809326 55.817516 38.319712 115.698871 -61.043435 164.094303 129.113605 13.016006 123.802923 -111.524193 66.036040 122.485010 -50.175859 39.054758 -8.821956 158.195431 86.108138 135.917448 114.624627 -15.769319 37.736994 31.144663 145.454876 97.668723 14.787314 80.811745 72.743081 165.582430 141.330779 81.989152 147.558561 152.039981 180.434466 217.742891 116.966204 129.105359 133.161247 -14.865187 186.026899 189.838410 132.570127 98.222978 120.797776 123.295328 206.716445 105.062012 156.332495 177.529021 96.652206 213.702812 243.681586 199.589145 164.426356 224.193848 129.892330 116.522464 116.084942 222.580412 244.009572 236.373004 193.671364 255.905287 144.075376 99.182530 273.226428 231.208733 249.129473 140.989345 198.788927 304.528741 326.209326 218.831275 338.395042 218.901210 197.350318 159.742836 113.079253 199.360136 280.585870 244.757003 281.874051 175.937435 199.947588 322.905068 180.810168 353.663477 321.465366 186.216287 300.916674 254.566935 329.167482 163.718744 313.221089 182.674943 264.080711 296.438762 294.749552 316.013231 188.230360 242.401388 300.526545 357.606143 175.640601 376.630324 240.575602 255.476739 346.334115 407.148058 276.918887 296.647633 182.332483 267.975890 283.577433 335.137441 211.656218 224.134023 228.571180 255.967987 367.324713 280.641619 303.919060 291.157232 409.356432 332.516937 247.639012 235.722895 317.768865 411.777181 189.748069 419.681802 251.578616 312.438754 191.262435 336.049879 309.801436 290.517193 119.197445 181.842400 343.452274 281.027296 416.567674 375.073624 358.545339 310.983057 309.386950 365.757250 321.094108 316.397764 278.668402 374.906188 335.111352 309.284048 250.424464 222.532794 223.609201 395.653881 361.666973 210.648747 358.599161 374.518583 334.407118 383.264889 344.092141 287.888955 307.655511 409.391973 485.098466 427.775178 276.422220 306.039765 265.627963 99.186899 355.716775 403.217703 347.689823 273.133273 328.548176 462.934672 370.529756 453.623210 436.924971 308.199063 245.445406 332.664053 383.855171 370.018841 357.155202 305.264349 320.346405 366.401472 306.429668 424.431077 315.405832 421.354015 461.275737 417.171064 250.040205 374.883110 296.699960 403.490826 271.255803 403.994994 289.708464 322.396319 364.058638 398.695486 333.307007 381.893227 289.454232 363.990128 329.500964 388.986831 378.447758 279.883950 405.295349 503.682056 376.044169 406.381736 420.694823 333.983497 368.247828 444.487877 430.703700 320.895364 285.062936 359.206452 374.325979 375.421572 404.493290 414.541183 349.565303 339.565663 383.542398 291.495500 360.425018 323.330998 338.213487 358.072525 401.908163 332.720430 307.509379 410.275038 359.017448 404.736643 303.432660 373.105534 363.755294 347.381978 391.985606 404.566217 442.123834 468.658493 396.170202 330.658996 331.124901 346.567938 374.988129 384.385491 363.760044 487.111806 314.440798 442.747026 359.030511 320.291271 421.529317 452.744651 275.937294 402.107251 333.254534 331.379139 506.481089 399.560374 389.617000 312.650980 157.331153 
 fitted_sfs: 993221.503285 492149.226180 325232.248331 241851.490069 191883.202061 158619.521730 134899.981158 117144.384310 103363.765926 92364.775323 83388.032489 75927.306354 69632.149024 64252.258587 59604.096344 55550.022780 51984.797779 48826.580191 46010.769378 43485.695486 41209.539920 39148.096233 37273.115545 35561.063811 33992.179815 32549.749506 31219.540568 29989.359718 28848.700876 27788.463697 26800.726796 25878.563246 25015.889930 24207.343176 23448.176049 22734.172378 22061.575077 21427.025476 20827.512323 20260.327943 19723.032288 19213.418636 18729.489017 18269.428714 17831.586492 17414.457087 17016.663273 16636.947158 16274.153322 15927.222564 15595.173173 15277.110796 14972.203072 14679.682242 14398.837584 14129.010285 13869.588767 13620.004871 13379.729759 13148.270810 12925.168582 12709.994363 12502.347045 12301.851712 12108.156941 11920.933622 11739.872771 11564.684185 11395.095313 11230.849457 11071.705142 10917.434638 10767.823453 10622.668915 10481.779818 10344.975267 10212.084336 10082.945157 9957.404444 9835.317026 9716.545148 9600.958166 9488.431979 9378.848723 9272.096238 9168.068551 9066.663756 8967.785399 8871.341675 8777.245062 8685.411454 8595.761723 8508.219644 8422.712489 8339.170903 8257.528497 8177.721887 8099.690320 8023.375775 7948.722594 7875.677550 7804.189548 7734.209713 7665.691072 7598.588611 7532.859116 7468.461136 7405.354768 7343.501798 7282.865297 7223.410131 7165.102005 7107.907893 7051.797552 6996.739369 6942.704499 6889.664851 6837.593318 6786.463593 6736.250599 6686.929967 6638.478354 6590.873047 6544.091878 6498.113721 6452.919223 6408.487482 6364.799868 6321.837920 6279.583838 6238.020457 6197.131044 6156.899492 6117.310132 6078.348043 6039.998165 6002.246727 5965.079806 5928.484095 5892.446719 5856.955117 5821.997155 5787.561024 5753.635653 5720.208984 5687.271163 5654.811460 5622.819681 5591.286009 5560.200822 5529.554811 5499.338958 5469.544420 5440.162649 5411.185373 5382.604443 5354.412064 5326.600380 5299.162140 5272.090025 5245.376912 5219.015988 5193.000514 5167.323997 5141.980031 5116.962456 5092.265095 5067.882367 5043.808257 5020.037218 4996.563839 4973.382751 4950.488824 4927.876895 4905.542095 4883.479537 4861.684558 4840.152528 4818.878966 4797.859493 4777.089727 4756.565622 4736.282958 4716.237869 4696.426332 4676.844612 4657.488890 4638.355588 4619.441085 4600.741938 4582.254703 4563.976055 4545.902704 4528.031461 4510.359215 4492.882891 4475.599497 4458.506077 4441.599794 4424.878009 4408.337393 4391.975802 4375.790450 4359.778717 4343.938083 4328.266039 4312.760161 4297.418079 4282.237380 4267.215964 4252.351385 4237.641551 4223.084175 4208.677276 4194.418715 4180.306451 4166.338518 4152.512930 4138.827774 4125.281144 4111.871284 4098.596159 4085.454152 4072.443490 4059.562429 4046.809326 4034.182484 4021.680288 4009.301129 3997.043435 3984.905697 3972.886395 3960.983994 3949.197077 3937.524193 3925.963960 3914.514990 3903.175859 3891.945242 3880.821956 3869.804569 3858.891862 3848.082552 3837.375373 3826.769319 3816.263006 3805.855337 3795.545124 3785.331277 3775.212686 3765.188255 3755.256919 3745.417570 3735.669221 3726.010848 3716.441439 3706.960019 3697.565534 3688.257109 3679.033796 3669.894641 3660.838753 3651.865187 3642.973101 3634.161590 3625.429873 3616.777022 3608.202224 3599.704672 3591.283555 3582.937988 3574.667505 3566.470979 3558.347794 3550.297188 3542.318414 3534.410855 3526.573644 3518.806152 3511.107670 3503.477536 3495.915058 3488.419588 3480.990428 3473.626996 3466.328636 3459.094713 3451.924624 3444.817470 3437.773572 3430.791267 3423.870527 3417.010655 3410.211073 3403.471259 3396.790674 3390.168725 3383.604958 3377.098790 3370.649682 3364.257164 3357.920747 3351.639864 3345.414130 3339.242997 3333.125949 3327.062565 3321.052412 3315.094932 3309.189832 3303.336523 3297.534634 3291.783713 3286.083326 3280.433065 3274.832518 3269.281256 3263.778911 3258.325057 3252.919289 3247.561238 3242.250448 3236.986769 3231.769640 3226.598612 3221.473455 3216.393857 3211.359399 3206.369676 3201.424398 3196.523261 3191.665885 3186.851942 3182.081113 3177.352367 3172.667517 3168.024110 3163.422567 3158.862559 3154.343782 3149.865977 3145.428820 3141.032013 3136.675287 3132.358381 3128.080940 3123.842768 3119.643568 3115.483063 3111.360988 3107.277105 3103.231135 3099.222819 3095.251931 3091.318198 3087.421384 3083.561246 3079.737565 3075.950121 3072.198564 3068.482807 3064.802555 3061.157600 3057.547726 3053.972704 3050.432326 3046.926376 3043.454661 3040.016943 3036.613050 3033.242750 3029.905892 3026.602236 3023.331598 3020.093812 3016.888648 3013.715952 3010.575536 3007.467206 3004.390799 3001.346119 2998.333027 2995.351253 2992.400839 2989.481417 2986.592882 2983.735111 2980.907859 2978.111045 2975.344489 2972.608027 2969.901534 2967.224822 2964.577780 2961.960235 2959.372037 2956.813101 2954.283225 2951.782297 2949.310177 2946.866727 2944.451824 2942.065328 2939.470244 2937.376790 2935.075029 2932.800937 2930.554594 2928.335947 2926.144829 2923.981159 2921.844798 2919.735651 2917.653595 2915.598528 2913.570332 2911.568923 2909.594168 2907.645985 2905.724263 2903.828936 2901.959795 2900.116890 2898.300040 2896.509174 2894.744197 2893.005006 2891.291536 2889.603681 2887.941362 2886.304514 2884.692993 2883.106773 2881.545768 2880.009872 2878.499036 2877.013169 2875.552242 2874.116050 2872.704651 2871.317944 2869.955831 2868.618264 2867.305177 2866.016503 2864.752172 2863.512123 2862.296300 2861.104636 2859.937064 2858.793548 2857.674021 2856.578428 2855.506710 2854.458817 2853.434697 2852.434337 2851.457602 2850.504500 2849.574982 2848.669002 2847.786513 2846.927475 2846.091837 2845.279570 2844.490621 2843.724962 2842.982552 2842.263357 2841.567340 2840.894466 2840.244706 2839.618022 2839.014394 2838.433783 2837.876166 2837.341507 2836.829798 2836.341004 2835.875099 2835.432062 2835.011871 2834.614509 2834.239956 2833.888194 2833.559202 2833.252974 2832.969489 2832.708729 2832.470683 2832.255349 2832.062706 2831.892749 2831.745466 2831.620861 2831.518911 2831.439626 2831.383000 2831.349020 1415.668847 
 >
 log_likelihood: -29883888.142003 
 distance: 1970.865643 
 breakpoints: 25 34 
 thetas: 999873.366651 506110.552563 1247676.812971 
 se_thetas: 81.131053 1117.860682 4469.682165 
 residues: 49.430894 -167.781483 -82.093788 421.822432 -77.377431 -218.150126 -47.555640 -242.630184 147.489694 314.117244 286.720331 -73.726366 -533.628387 -124.278736 -229.561763 58.856724 166.994227 216.528660 -101.059162 4.813060 8.900668 299.365373 28.425584 93.595932 -458.373127 -107.771512 163.634485 82.043773 128.971412 218.529371 90.652750 125.283822 26.522319 323.749497 100.730601 21.700643 69.435912 153.314512 33.367244 -111.678637 47.636447 -278.461369 -93.954859 124.989742 -8.957526 49.727141 9.439213 220.454520 -22.053904 53.990422 -41.413874 -141.355838 -50.986886 -66.523384 69.760907 -100.460040 30.440161 2.044120 -68.105217 -79.501474 -8.671789 2.825628 41.404635 -105.547431 -188.667047 -107.613317 44.934220 41.276940 -110.301733 -15.534515 -46.169633 40.030664 182.290615 -6.177628 90.826360 -62.507559 -16.999744 -55.479853 -99.786364 -70.766099 70.726476 -178.170436 -80.325387 62.386620 -6.915322 31.881495 95.885514 -84.800461 121.921544 -68.854964 152.959934 15.451009 -26.300034 48.784846 -88.219836 -53.242683 -32.215455 2.927315 105.248221 -25.192644 48.662248 -135.131833 -21.521970 137.542736 -9.888898 -11.769971 -23.055456 43.298012 -29.667992 -175.913288 -59.399589 -15.089545 27.052828 -130.939359 -131.031721 57.807276 94.608327 8.401056 43.214209 -186.924776 -161.989245 -40.953648 -26.793130 41.516542 -61.001506 -32.325981 -23.434117 -15.305473 -6.919842 -37.257735 -161.300353 -3.029390 -175.427215 151.523311 -19.161471 50.534867 -2.372579 -98.868612 -95.938694 -19.568764 4.254884 29.545488 135.315918 17.578271 15.345589 61.628679 -87.560818 -26.211826 -50.313683 -41.855952 38.171457 -68.221684 -28.025811 81.768316 -54.830363 40.186939 38.828629 -80.896849 -29.981682 -43.418012 77.801798 101.685056 -88.761028 18.470489 -55.613556 43.993405 15.297942 -48.693993 -78.976028 34.457718 131.612979 -99.504574 51.110479 78.463574 55.559837 -105.595600 -1.997846 37.357949 46.476466 124.362278 -8.980055 -37.546318 -113.332139 -127.333503 181.453746 62.033467 113.409594 7.585809 -164.434171 35.353185 -50.048603 -97.636139 -1.406071 43.644843 -7.480237 55.221800 103.753981 39.119288 -97.679423 -111.639501 -57.757609 -71.031601 -49.458695 -8.036281 5.238147 -13.632921 -21.647086 15.197994 -50.095302 67.475089 47.911573 78.216196 1.391195 19.438500 24.360194 9.158258 -28.165404 106.391130 -31.170296 105.152153 58.360160 -66.544317 47.440262 42.315588 33.083325 -47.254971 7.302310 -13.243304 61.109705 -118.637184 103.517447 65.575020 -53.463024 54.404632 -183.820658 -9.137614 44.455053 -131.041337 -44.625562 -95.296543 68.947047 -5.893677 41.182458 17.176613 -115.910312 -65.077044 -74.322594 37.354117 -13.045930 -98.521735 -35.072313 -45.696708 44.606077 17.836916 -44.003275 19.086404 21.106817 47.058906 81.943436 -21.238756 -11.486828 -9.799998 -160.177435 38.381596 39.877887 -19.687889 -56.314916 -36.002490 -35.749912 45.443518 -58.421424 -9.344377 9.675674 -73.360761 41.546972 69.399514 23.197375 -14.058683 43.631862 -52.730385 -68.144868 -70.610998 33.871771 53.304032 43.686263 -0.980979 59.302839 -54.461781 -101.274042 70.865639 26.958821 43.005439 -66.993913 -11.038752 92.871348 112.736829 3.558190 121.335788 0.070113 -23.238390 -62.589343 -110.982349 -26.416935 53.107197 15.590501 51.033405 -56.563759 -34.200645 87.123214 -56.591973 114.654296 80.862306 -55.967575 57.165001 9.260360 82.318831 -84.659241 63.326433 -68.723804 11.190373 42.069254 38.913216 58.722331 -70.502919 -17.762160 38.944761 94.618079 -88.741859 110.865275 -26.560302 -13.018358 76.491413 135.969269 4.415457 22.830937 -92.786170 -8.433484 5.888505 56.180061 -68.558581 -57.327228 -54.125622 -27.953530 82.189251 -5.697080 16.387767 2.443925 119.471631 41.471097 -44.557470 -57.613895 23.302042 116.190542 -106.948229 121.885945 -47.306758 12.473847 -109.772075 33.955638 6.657282 -13.667111 -186.017300 -124.393130 36.205562 -27.221049 107.327196 64.850459 47.348884 -1.177341 -3.728095 51.696805 6.097461 0.474067 -38.173241 57.155656 16.460939 -10.257282 -69.998864 -98.763659 -98.551548 72.637621 37.803944 -114.052354 33.068646 48.167267 7.243574 55.297649 15.329695 -41.660245 -22.672033 78.294458 153.239313 95.162684 -56.935359 -28.054677 -69.195160 -236.356756 19.460698 66.257280 10.033096 -65.211753 -10.477177 123.236931 30.166916 112.604374 95.257364 -34.109507 -97.496351 -10.903146 39.670244 25.223870 11.757841 -40.727777 -26.232890 19.242574 -41.301295 76.135560 -33.446757 71.951811 111.331347 66.691891 -100.966375 23.356475 -55.339404 50.946035 -81.787140 50.461153 -64.309045 -32.097653 9.095385 43.270113 -22.573348 25.565007 -67.314758 6.787440 -28.128367 30.937888 19.986216 -78.983199 46.029568 144.024596 16.001966 45.961709 59.903870 -27.171500 6.735651 82.625369 68.497692 -41.647330 -77.809644 -3.989233 10.813959 11.599970 40.368843 50.120617 -15.144673 -25.427026 18.273679 -74.042578 -5.375763 -42.725839 -28.092774 -8.476537 35.122910 -34.294416 -59.728472 42.820761 -8.646687 36.869208 -64.631528 4.851134 -4.682788 -21.233265 23.199717 35.616186 73.016160 99.399666 26.766706 -38.882693 -38.548510 -23.230731 5.070661 14.355676 -6.375670 116.876636 -55.887389 72.332254 -11.464415 -50.277384 50.893357 82.047804 -94.814023 31.307879 -37.586481 -39.497110 135.576014 28.632881 18.673495 -58.302132 -28.147004 
 fitted_sfs: 992166.569106 492316.781483 325757.093788 242519.177568 192609.377431 159363.150126 135638.555640 117864.630184 104057.510306 93026.882756 84015.279669 76517.726366 70184.628387 64766.278736 60079.561763 55987.143276 52384.005773 49188.471340 46336.059162 43775.186940 41464.099332 39368.634627 37460.574416 35716.404068 34116.373127 32643.771512 31284.365515 30025.956227 28858.028588 27771.470629 26758.347250 25811.716178 24925.477681 24094.250503 23313.269399 22578.299357 21885.564088 21231.685488 20613.632756 20028.678637 19474.363553 18948.461369 18448.954859 17974.010258 17521.957526 17091.272859 16680.560787 16288.545480 15914.053904 15556.009578 15213.413874 14885.355838 14570.986886 14269.523384 13980.239093 13702.460040 13435.559839 13178.955880 12932.105217 12694.501474 12465.671789 12245.174372 12032.595365 11827.547431 11629.667047 11438.613317 11254.065780 11075.723060 10903.301733 10736.534515 10575.169633 10418.969336 10267.709385 10121.177628 9979.173640 9841.507559 9707.999744 9578.479853 9452.786364 9330.766099 9212.273524 9097.170436 8985.325387 8876.613380 8770.915322 8668.118505 8568.114486 8470.800461 8376.078456 8283.854964 8194.040066 8106.548991 8021.300034 7938.215154 7857.219836 7778.242683 7701.215455 7626.072685 7552.751779 7481.192644 7411.337752 7343.131833 7276.521970 7211.457264 7147.888898 7085.769971 7025.055456 6965.701988 6907.667992 6850.913288 6795.399589 6741.089545 6687.947172 6635.939359 6585.031721 6535.192724 6486.391673 6438.598944 6391.785791 6345.924776 6300.989245 6256.953648 6213.793130 6171.483458 6130.001506 6089.325981 6049.434117 6010.305473 5971.919842 5934.257735 5897.300353 5861.029390 5825.427215 5790.476689 5756.161471 5722.465133 5689.372579 5656.868612 5624.938694 5593.568764 5562.745116 5532.454512 5502.684082 5473.421729 5444.654411 5416.371321 5388.560818 5361.211826 5334.313683 5307.855952 5281.828543 5256.221684 5231.025811 5206.231684 5181.830363 5157.813061 5134.171371 5110.896849 5087.981682 5065.418012 5043.198202 5021.314944 4999.761028 4978.529511 4957.613556 4937.006595 4916.702058 4896.693993 4876.976028 4857.542282 4838.387021 4819.504574 4800.889521 4782.536426 4764.440163 4746.595600 4728.997846 4711.642051 4694.523534 4677.637722 4660.980055 4644.546318 4628.332139 4612.333503 4596.546254 4580.966533 4565.590406 4550.414191 4535.434171 4520.646815 4506.048603 4491.636139 4477.406071 4463.355157 4449.480237 4435.778200 4422.246019 4408.880712 4395.679423 4382.639501 4369.757609 4357.031601 4344.458695 4332.036281 4319.761853 4307.632921 4295.647086 4283.802006 4272.095302 4260.524911 4249.088427 4237.783804 4226.608805 4215.561500 4204.639806 4193.841742 4183.165404 4172.608870 4162.170296 4151.847847 4141.639840 4131.544317 4121.559738 4111.684412 4101.916675 4092.254971 4082.697690 4073.243304 4063.890295 4054.637184 4045.482553 4036.424980 4027.463024 4018.595368 4009.820658 4001.137614 3992.544947 3984.041337 3975.625562 3967.296543 3959.052953 3950.893677 3942.817542 3934.823387 3926.910312 3919.077044 3911.322594 3903.645883 3896.045930 3888.521735 3881.072313 3873.696708 3866.393923 3859.163084 3852.003275 3844.913596 3837.893183 3830.941094 3824.056564 3817.238756 3810.486828 3803.799998 3797.177435 3790.618404 3784.122113 3777.687889 3771.314916 3765.002490 3758.749912 3752.556482 3746.421424 3740.344377 3734.324326 3728.360761 3722.453028 3716.600486 3710.802625 3705.058683 3699.368138 3693.730385 3688.144868 3682.610998 3677.128229 3671.695968 3666.313737 3660.980979 3655.697161 3650.461781 3645.274042 3640.134361 3635.041179 3629.994561 3624.993913 3620.038752 3615.128652 3610.263171 3605.441810 3600.664212 3595.929887 3591.238390 3586.589343 3581.982349 3577.416935 3572.892803 3568.409499 3563.966595 3559.563759 3555.200645 3550.876786 3546.591973 3542.345704 3538.137694 3533.967575 3529.834999 3525.739640 3521.681169 3517.659241 3513.673567 3509.723804 3505.809627 3501.930746 3498.086784 3494.277669 3490.502919 3486.762160 3483.055239 3479.381921 3475.741859 3472.134725 3468.560302 3465.018358 3461.508587 3458.030731 3454.584543 3451.169063 3447.786170 3444.433484 3441.111495 3437.819939 3434.558581 3431.327228 3428.125622 3424.953530 3421.810749 3418.697080 3415.612233 3412.556075 3409.528369 3406.528903 3403.557470 3400.613895 3397.697958 3394.809458 3391.948229 3389.114055 3386.306758 3383.526153 3380.772075 3378.044362 3375.342718 3372.667111 3370.017300 3367.393130 3364.794438 3362.221049 3359.672804 3357.149541 3354.651116 3352.177341 3349.728095 3347.303195 3344.902539 3342.525933 3340.173241 3337.844344 3335.539061 3333.257282 3330.998864 3328.763659 3326.551548 3324.362379 3322.196056 3320.052354 3317.931354 3315.832733 3313.756426 3311.702351 3309.670305 3307.660245 3305.672033 3303.705542 3301.760687 3299.837316 3297.935359 3296.054677 3294.195160 3292.356756 3290.539302 3288.742720 3286.966904 3285.211753 3283.477177 3281.763069 3279.833084 3278.395626 3276.742636 3275.109507 3273.496351 3271.903146 3270.329756 3268.776130 3267.242159 3265.727777 3264.232890 3262.757426 3261.301295 3259.864440 3258.446757 3257.048189 3255.668653 3254.308109 3252.966375 3251.643525 3250.339404 3249.053965 3247.787140 3246.538847 3245.309045 3244.097653 3242.904615 3241.729887 3240.573348 3239.434993 3238.314758 3237.212560 3236.128367 3235.062112 3234.013784 3232.983199 3231.970432 3230.975404 3229.998034 3229.038291 3228.096130 3227.171500 3226.264349 3225.374631 3224.502308 3223.647330 3222.809644 3221.989233 3221.186041 3220.400030 3219.631157 3218.879383 3218.144673 3217.427026 3216.726321 3216.042578 3215.375763 3214.725839 3214.092774 3213.476537 3212.877090 3212.294416 3211.728472 3211.179239 3210.646687 3210.130792 3209.631528 3209.148866 3208.682788 3208.233265 3207.800283 3207.383814 3206.983840 3206.600334 3206.233294 3205.882693 3205.548510 3205.230731 3204.929339 3204.644324 3204.375670 3204.123364 3203.887389 3203.667746 3203.464415 3203.277384 3203.106643 3202.952196 3202.814023 3202.692121 3202.586481 3202.497110 3202.423986 3202.367119 3202.326505 3202.302132 1601.147004 
 >
 log_likelihood: -29883885.891520 
 distance: 1965.060596 
 breakpoints: 25 26 32 
 thetas: 999792.306732 548218.881585 483591.302238 937785.310374 
 se_thetas: 89.704468 13939.594474 4903.454721 3994.549492 
 residues: 87.156589 -169.044500 -95.360190 403.273622 -98.540045 -240.608328 -70.569613 -265.749019 124.556654 291.564728 264.682223 -95.156568 -554.384985 -144.315738 -248.847500 40.343307 149.266178 199.592907 -117.200427 -10.535222 -5.659048 285.587508 15.421024 81.354680 -469.862227 -118.520530 153.612753 72.735965 120.363731 210.607689 83.402699 118.690865 20.571814 318.426747 96.020901 17.589311 65.908324 150.356126 30.963626 -113.541801 46.299565 -279.285987 -94.281071 125.148254 -8.327791 50.814785 10.971643 222.418813 -19.670474 56.780468 -38.229530 -137.789307 -47.050074 -62.227989 74.403394 -95.481744 35.743185 7.660999 -62.185154 -73.288695 -2.176561 9.593236 48.434751 -98.264482 -181.140749 -99.852961 52.919529 49.478286 -101.893083 -6.927111 -37.371847 49.010638 191.444756 3.142832 100.305461 -52.877329 -7.225731 -45.569243 -89.746180 -60.603211 81.005355 -167.782128 -69.834061 72.974700 3.763393 42.644867 106.727707 -73.885146 132.904418 -57.809961 164.061765 26.604499 -15.099931 60.026642 -76.941145 -41.931776 -20.876893 14.289088 116.628872 -13.797335 60.068105 -123.719433 -10.106923 148.956633 1.520158 -0.369349 -11.666763 54.671376 -18.313262 -164.580406 -48.091675 -3.809632 38.301793 -119.724201 -119.853147 68.946573 105.705732 19.454037 54.220308 -175.967940 -151.083978 -30.102182 -15.997628 52.253990 -50.324135 -21.710643 -12.882701 -4.819803 3.498320 -26.908780 -151.022245 7.176293 -165.295478 161.579638 -9.181962 60.436204 7.449286 -89.127468 -86.279466 -9.992598 13.746891 38.952286 144.636505 26.811690 24.490929 70.685072 -78.594196 -17.335758 -41.528911 -33.163177 46.771572 -59.714852 -19.612850 90.086858 -46.606756 48.315133 46.860965 -72.960784 -22.142268 -35.675595 85.446901 109.232558 -81.311384 25.822047 -48.360285 51.148218 22.354149 -41.736511 -72.117366 41.217490 138.273816 -92.942695 57.573401 84.827562 61.824934 -99.429327 4.069688 43.326851 52.346862 130.134312 -3.306220 -31.970502 -107.854143 -121.953112 186.736763 67.219358 118.498622 12.578251 -159.538021 40.153349 -45.344106 -93.026974 3.108107 48.064395 -3.154942 59.453221 107.891923 43.164155 -93.727217 -107.779528 -53.989435 -67.354782 -45.872776 -4.540799 8.643663 -10.316892 -18.420056 18.336520 -47.044779 70.438120 50.787626 81.005794 4.094867 22.056779 26.893621 11.607377 -25.800042 108.673290 -28.970778 107.269593 60.396090 -64.589325 49.314892 44.110437 34.798973 -45.617937 8.861318 -11.761730 62.514438 -117.308695 104.770289 66.752815 -52.359674 55.434141 -182.864386 -8.253972 45.266671 -130.301135 -43.956167 -94.697345 69.476658 -5.433044 41.574724 17.501123 -115.652948 -64.886216 -74.197692 37.413704 -13.051050 -98.590954 -35.205023 -45.892302 44.348203 17.517369 -44.383892 18.645318 20.605863 46.498683 81.324542 -21.915724 -12.221278 -10.591336 -161.025070 37.478251 38.919419 -20.700895 -57.381879 -37.122829 -36.923049 44.218157 -59.698437 -10.672471 8.297066 -74.789318 40.069028 67.872743 21.622333 -15.681443 41.961936 -54.446930 -69.907486 -72.419148 32.018627 51.406430 41.744736 -2.965902 57.275046 -56.531922 -103.386011 68.712358 24.764741 40.771068 -69.268068 -13.352189 90.519128 110.346322 1.129887 118.870178 -2.432320 -25.777164 -65.163981 -113.592376 -29.061881 50.427798 12.877113 48.286487 -59.343750 -37.013259 84.278427 -59.468489 111.746492 77.923652 -58.936647 54.165942 6.231740 79.261071 -87.745721 60.211646 -71.866485 8.020204 38.872000 35.689278 55.472105 -73.779041 -21.063790 35.618008 91.266585 -92.117718 107.465425 -29.983774 -16.465084 73.021794 132.477116 0.901126 19.294778 -96.343809 -12.012259 2.288934 52.560032 -72.198737 -60.987180 -57.805045 -31.652102 78.471850 -9.432996 12.633647 -1.328090 115.682024 37.664200 -48.381361 -61.454485 19.445043 112.317422 -110.837188 117.981427 -51.226558 8.539038 -113.721624 29.991617 2.679051 -17.659291 -190.023174 -128.412444 32.173057 -31.266497 103.269047 60.779850 43.266051 -5.272163 -7.834676 47.578693 1.968043 -3.666437 -42.324612 52.993632 12.288474 -14.439977 -74.191584 -102.966201 -102.763711 68.416034 33.573126 -118.292210 28.819940 43.909897 2.977724 51.023497 11.047419 -45.950469 -26.970034 73.988850 148.926264 90.842357 -61.262802 -32.389078 -73.536362 -240.704606 15.106351 61.896585 5.666198 -69.584710 -14.856052 118.852276 25.776599 108.208566 90.856178 -38.515942 -101.907908 -15.319700 35.248815 20.797686 7.327019 -45.163120 -30.672642 14.798525 -45.749531 71.683244 -37.903048 67.491648 106.867413 62.224285 -105.437555 18.881816 -59.817449 46.464694 -86.271685 45.973490 -68.799740 -36.591295 4.598878 38.770822 -27.075344 21.060382 -71.821936 2.277783 -32.640431 26.423489 15.469549 -83.502064 41.508569 139.501529 11.476894 41.434692 55.374970 -31.702225 2.203159 78.091166 63.961832 -46.184792 -82.348657 -8.529745 6.271997 7.056607 35.824126 45.574592 -19.691960 -29.975531 13.723998 -78.593392 -9.927669 -47.278798 -32.646746 -13.031484 30.567024 -38.851204 -64.286127 38.262274 -13.205974 32.309155 -69.192314 0.289645 -9.244949 -25.796068 18.636301 31.052185 68.451603 94.834580 22.201117 -43.448757 -43.115024 -27.797671 0.503321 9.787959 -10.943740 112.308237 -60.456094 67.763265 -16.033665 -54.846873 46.323651 77.477902 -99.384099 26.737649 -42.156844 -44.067585 131.005448 24.062243 14.102806 -62.872851 -30.432369 
 fitted_sfs: 992128.843411 492318.044500 325770.360190 242537.726378 192630.540045 159385.608328 135661.569613 117887.749019 104080.443346 93049.435272 84037.317777 76539.156568 70205.384985 64786.315738 60098.847500 56005.656693 52401.733822 49205.407093 46352.200427 43790.535222 41478.659048 39382.412492 37473.578976 35728.645320 34127.862227 32654.520530 31294.387247 30035.264035 28866.636269 27779.392311 26765.597301 25818.309135 24931.428186 24099.573253 23317.979099 22582.410689 21889.091676 21234.643874 20616.036374 20030.541801 19475.700435 18949.285987 18449.281071 17973.851746 17521.327791 17090.185215 16679.028357 16286.581187 15911.670474 15553.219532 15210.229530 14881.789307 14567.050074 14265.227989 13975.596606 13697.481744 13430.256815 13173.339001 12926.185154 12688.288695 12459.176561 12238.406764 12025.565249 11820.264482 11622.140749 11430.852961 11246.080471 11067.521714 10894.893083 10727.927111 10566.371847 10409.989362 10258.555244 10111.857168 9969.694539 9831.877329 9698.225731 9568.569243 9442.746180 9320.603211 9201.994645 9086.782128 8974.834061 8866.025300 8760.236607 8657.355133 8557.272293 8459.885146 8365.095582 8272.809961 8182.938235 8095.395501 8010.099931 7926.973358 7845.941145 7766.931776 7689.876893 7614.710912 7541.371128 7469.797335 7399.931895 7331.719433 7265.106923 7200.043367 7136.479842 7074.369349 7013.666763 6954.328624 6896.313262 6839.580406 6784.091675 6729.809632 6676.698207 6624.724201 6573.853147 6524.053427 6475.294268 6427.545963 6380.779692 6334.967940 6290.083978 6246.102182 6202.997628 6160.746010 6119.324135 6078.710643 6038.882701 5999.819803 5961.501680 5923.908780 5887.022245 5850.823707 5815.295478 5780.420362 5746.181962 5712.563796 5679.550714 5647.127468 5615.279466 5583.992598 5553.253109 5523.047714 5493.363495 5464.188310 5435.509071 5407.314928 5379.594196 5352.335758 5325.528911 5299.163177 5273.228428 5247.714852 5222.612850 5197.913142 5173.606756 5149.684867 5126.139035 5102.960784 5080.142268 5057.675595 5035.553099 5013.767442 4992.311384 4971.177953 4950.360285 4929.851782 4909.645851 4889.736511 4870.117366 4850.782510 4831.726184 4812.942695 4794.426599 4776.172438 4758.175066 4740.429327 4722.930312 4705.673149 4688.653138 4671.865688 4655.306220 4638.970502 4622.854143 4606.953112 4591.263237 4575.780642 4560.501378 4545.421749 4530.538021 4515.846651 4501.344106 4487.026974 4472.891893 4458.935605 4445.154942 4431.546779 4418.108077 4404.835845 4391.727217 4378.779528 4365.989435 4353.354782 4340.872776 4328.540799 4316.356337 4304.316892 4292.420056 4280.663480 4269.044779 4257.561880 4246.212374 4234.994206 4223.905133 4212.943221 4202.106379 4191.392623 4180.800042 4170.326710 4159.970778 4149.730407 4139.603910 4129.589325 4119.685108 4109.889563 4100.201027 4090.617937 4081.138682 4071.761730 4062.485562 4053.308695 4044.229711 4035.247185 4026.359674 4017.565859 4008.864386 4000.253972 3991.733329 3983.301135 3974.956167 3966.697345 3958.523342 3950.433044 3942.425276 3934.498877 3926.652948 3918.886216 3911.197692 3903.586296 3896.051050 3888.590954 3881.205023 3873.892302 3866.651797 3859.482631 3852.383892 3845.354682 3838.394137 3831.501317 3824.675458 3817.915724 3811.221278 3804.591336 3798.025070 3791.521749 3785.080581 3778.700895 3772.381879 3766.122829 3759.923049 3753.781843 3747.698437 3741.672471 3735.702934 3729.789318 3723.930972 3718.127257 3712.377667 3706.681443 3701.038064 3695.446930 3689.907486 3684.419148 3678.981373 3673.593570 3668.255264 3662.965902 3657.724954 3652.531922 3647.386011 3642.287642 3637.235259 3632.228932 3627.268068 3622.352189 3617.480872 3612.653678 3607.870113 3603.129822 3598.432320 3593.777164 3589.163981 3584.592376 3580.061881 3575.572202 3571.122887 3566.713513 3562.343750 3558.013259 3553.721573 3549.468489 3545.253508 3541.076348 3536.936647 3532.834058 3528.768260 3524.738929 3520.745721 3516.788354 3512.866485 3508.979796 3505.128000 3501.310722 3497.527895 3493.779041 3490.063790 3486.381992 3482.733415 3479.117718 3475.534575 3471.983774 3468.465084 3464.978206 3461.522884 3458.098874 3454.705222 3451.343809 3448.012259 3444.711066 3441.439968 3438.198737 3434.987180 3431.805045 3428.652102 3425.528150 3422.432996 3419.366353 3416.328090 3413.317976 3410.335800 3407.381361 3404.454485 3401.554957 3398.682578 3395.837188 3393.018573 3390.226558 3387.460962 3384.721624 3382.008383 3379.320949 3376.659291 3374.023174 3371.412444 3368.826943 3366.266497 3363.730953 3361.220150 3358.733949 3356.272163 3353.834676 3351.421307 3349.031957 3346.666437 3344.324612 3342.006368 3339.711526 3337.439977 3335.191584 3332.966201 3330.763711 3328.583966 3326.426874 3324.292210 3322.180060 3320.090103 3318.022276 3315.976503 3313.952581 3311.950469 3309.970034 3308.011150 3306.073736 3304.157643 3302.262802 3300.389078 3298.536362 3296.704606 3294.893649 3293.103415 3291.333802 3289.584710 3287.856052 3286.147724 3284.223401 3282.791434 3281.143822 3279.515942 3277.907908 3276.319700 3274.751185 3273.202314 3271.672981 3270.163120 3268.672642 3267.201475 3265.749531 3264.316756 3262.903048 3261.508352 3260.132587 3258.775715 3257.437555 3256.118184 3254.817449 3253.535306 3252.271685 3251.026510 3249.799740 3248.591295 3247.401122 3246.229178 3245.075344 3243.939618 3242.821936 3241.722217 3240.640431 3239.576511 3238.530451 3237.502064 3236.491431 3235.498471 3234.523106 3233.565308 3232.625030 3231.702225 3230.796841 3229.908834 3229.038168 3228.184792 3227.348657 3226.529745 3225.728003 3224.943393 3224.175874 3223.425408 3222.691960 3221.975531 3221.276002 3220.593392 3219.927669 3219.278798 3218.646746 3218.031484 3217.432976 3216.851204 3216.286127 3215.737726 3215.205974 3214.690845 3214.192314 3213.710355 3213.244949 3212.796068 3212.363699 3211.947815 3211.548397 3211.165420 3210.798883 3210.448757 3210.115024 3209.797671 3209.496679 3209.212041 3208.943740 3208.691763 3208.456094 3208.236735 3208.033665 3207.846873 3207.676349 3207.522098 3207.384099 3207.262351 3207.156844 3207.067585 3206.994552 3206.937757 3206.897194 3206.872851 1603.432369 
