0.0001
0.000133
0.000178
0.000237
0.000316
0.000421
0.000562
0.000749
0.000999
0.001332
0.001776
0.002368
0.003157
0.004209
0.005612
0.007483
0.009977
0.013303
0.017738
0.02365
0.031534
0.042045
0.05606
0.074747
0.099662
0.132883
0.177177
0.236236
0.314981
0.419975
0.559967
0.746622
0.995496
1.327328
2.0
>
-30733405.475071 320787.964862 61466810.950142
 1327828.811960  
>
-30561082.195848 2851.975252 61122168.391696
25.0 1001869.577041 2000154.821740  
>
-30561081.678297 2828.970874 61122171.356594
25.0 28.0 1002287.643117 1996087.189541 2001455.314824  
>
-30561081.51086 2820.215326 61122175.02172
22.0 23.0 25.0 1000999.738795 1052730.770318 974595.215072 2001347.733767  
