0.000100
0.000133
0.000178
0.000237
0.000316
0.000421
0.000562
0.000749
0.000999
0.001332
0.001776
0.002368
0.003157
0.004209
0.005612
0.007483
0.009977
0.013303
0.017738
0.023650
0.031534
0.042045
0.056060
0.074747
0.099662
0.132883
0.177177
0.236236
0.314981
0.419975
0.559967
0.746622
0.995496
1.327328
2.000000
 >
 log_likelihood: -30733405.475071 
 distance: 320787.964862 
 breakpoints: 
 thetas: 1327828.811960 
 se_thetas: 34760.915872 
 residues: -157228.224200 -7458.679575 36833.439192 52454.246883 59858.092229 62777.359577 62822.440561 62123.476630 59773.939933 58425.465334 56071.864976 54849.635220 52577.922071 50168.214943 48783.563770 46840.213433 45951.485324 43915.698347 42741.324765 40547.699248 39243.096905 38513.698609 37254.782521 36116.367760 35466.463340 34962.028479 34789.719352 32359.475604 32695.985394 32309.034188 31928.916692 31029.455345 29468.422620 30421.593035 29711.898381 29544.541104 28714.087004 28646.542788 27620.421937 27668.799514 28289.358304 27802.428074 27212.017857 27276.843670 27233.351046 27319.733853 27180.949329 26555.730277 27190.593763 13583.423768 
 fitted_sfs: 1341241.224200 677463.679575 456298.560808 345788.753117 279542.907771 235430.640423 203967.559439 180411.523370 162128.060067 147536.534666 135631.135024 125741.364780 117403.077929 110284.785057 104143.436230 98796.786567 94105.514676 89961.301653 86278.675235 82989.300752 80037.903095 77379.301391 74976.217479 72797.632240 70817.536660 69013.971521 67368.280648 65864.524396 64489.014606 63229.965812 62077.083308 61021.544655 60055.577380 59172.406965 58366.101619 57631.458896 56963.912996 56359.457212 55814.578063 55326.200486 54891.641696 54508.571926 54174.982143 53889.156330 53649.648954 53455.266147 53305.050671 53198.269723 53134.406237 26556.576232 
 >
 log_likelihood: -30561082.195848 
 distance: 2851.975252 
 breakpoints: 25 
 thetas: 1001869.577041 2000154.821740 
 se_thetas: 521.988431 917.551416 
 residues: 101.158970 -465.374432 853.177183 -484.675378 -196.520878 129.065041 -126.802417 89.645618 -697.043821 -154.270158 -473.944034 370.119548 131.299911 -317.525100 165.003740 -15.873571 748.941077 257.827779 521.981928 -334.942600 -399.459813 20.248043 -174.784188 -328.859539 -68.495552 268.460245 873.535109 -838.801525 160.323137 384.545839 567.664123 186.726236 -897.583184 493.155285 184.265132 383.105431 -113.818760 121.237693 -631.659081 -338.053264 500.959332 206.781643 -215.642334 -6.791217 70.463875 254.884509 191.885330 -379.449522 287.645671 137.313462 
 fitted_sfs: 1183911.841030 670470.374432 492278.822817 398727.675378 339597.520878 298078.934959 266916.802417 242445.354382 222599.043821 206116.270158 192176.944034 180220.880452 169849.700089 160770.525100 152761.996260 145652.873571 139308.058923 133619.172221 128498.018072 123871.942600 119680.459813 115872.751957 112405.784188 109242.859539 106352.495552 103707.539755 101284.464891 99062.801525 97024.676863 95154.454161 93438.335877 91864.273764 90421.583184 89100.844715 87893.734868 86792.894569 85791.818760 84884.762307 84066.659081 83333.053264 82680.040668 82104.218357 81602.642334 81172.791217 80812.536125 80520.115491 80294.114670 80133.449522 80037.354329 40002.686538 
 >
 log_likelihood: -30561081.678297 
 distance: 2828.970874 
 breakpoints: 25 28 
 thetas: 1002287.643117 1996087.189541 2001455.314824 
 se_thetas: 708.185316 4733.296346 1746.325066 
 residues: 9.614872 -392.264084 956.853673 -380.622042 -101.922379 210.862634 -58.591565 144.600728 -654.516277 -123.137790 -453.116894 381.713725 134.677529 -321.421589 154.694699 -31.815183 728.068087 232.650447 493.058649 -367.116251 -434.445288 -17.162175 -214.278306 -370.138110 -111.296092 224.367290 828.350012 -884.904494 113.453514 337.040355 519.635528 138.271299 -946.381778 444.083296 134.979069 333.654995 -163.392316 71.574875 -681.383772 -387.818069 451.171285 156.983013 -265.442499 -56.586930 20.676039 205.105872 142.115537 -429.212102 237.887774 112.435323 
 fitted_sfs: 1184003.385128 670397.264084 492175.146327 398623.622042 339502.922379 297997.137366 266848.591565 242390.399272 222556.516277 206085.137790 192156.116894 180209.286275 169846.322471 160774.421589 152772.305301 145668.815183 139328.931913 133644.349553 128526.941351 123904.116251 119715.445288 115910.162175 112445.278306 109284.138110 106395.296092 103751.632710 101329.649988 99108.904494 97071.546486 95201.959645 93486.364472 91912.728701 90470.381778 89149.916704 87943.020931 86842.345005 85841.392316 84934.425125 84116.383772 83382.818069 82729.828715 82154.016987 81652.442499 81222.586930 80862.323961 80569.894128 80343.884463 80183.212102 80087.112226 40027.564677 
 >
 log_likelihood: -30561081.510860 
 distance: 2820.215326 
 breakpoints: 22 23 25 
 thetas: 1000999.738795 1052730.770318 974595.215072 2001347.733767 
 se_thetas: 2080.614992 62970.005200 29464.469253 1500.315924 
 residues: 77.648483 -538.230640 874.570833 -393.667231 -70.204394 264.901376 2.033099 202.117218 -605.344318 -84.543577 -425.446690 399.208946 143.308560 -320.125766 150.192461 -40.689458 716.077077 218.605539 477.831345 -382.831786 -450.111895 -32.377140 -228.751048 -383.669493 -123.760049 213.039601 818.183541 -893.917682 105.561717 330.221259 513.829175 133.410930 -950.366499 440.902791 132.532044 331.872656 -164.575980 70.927165 -681.554697 -387.567752 451.790859 157.923246 -264.227063 -55.138904 22.316549 206.900907 144.028909 -427.215196 239.934402 113.466891 
 fitted_sfs: 1183935.351517 670543.230640 492257.429167 398636.667231 339471.204394 297943.098624 266787.966901 242332.882782 222507.344318 206046.543577 192128.446690 180191.791054 169837.691440 160773.125766 152776.807539 145677.689458 139340.922923 133658.394461 128542.168655 123919.831786 119731.111895 115925.377140 112459.751048 109297.669493 106407.760049 103762.960399 101339.816459 99117.917682 97079.438283 95208.778741 93492.170825 91917.589070 90474.366499 89153.097209 87945.467956 86844.127344 85842.575980 84935.072835 84116.554697 83382.567752 82729.209141 82153.076754 81651.227063 81221.138904 80860.683451 80568.099093 80341.971091 80181.215196 80085.065598 40026.533109 
