0.0001
0.000133
0.000178
0.000237
0.000316
0.000421
0.000562
0.000749
0.000999
0.001332
0.001776
0.002368
0.003157
0.004209
0.005612
0.007483
0.009977
0.013303
0.017738
0.02365
0.031534
0.042045
0.05606
0.074747
0.099662
0.132883
0.177177
0.236236
0.314981
0.419975
0.559967
0.746622
0.995496
1.327328
2.0
>
-20847496.293289 106700.189698 41694992.586578
 1160102.679791  
>
-20843228.745717 60645.887554 41686461.491434
13.0 194994.497268 1246566.023625  
>
-20823560.635557 2277.104322 41647129.271114
25.0 29.0 1003610.448605 1965791.245023 990345.026274  
>
-20823550.068607 1959.311543 41647112.137214
25.0 30.0 33.0 1002593.988768 1967733.855343 43899.264037 1535090.995987  
