0.000100
0.000133
0.000178
0.000237
0.000316
0.000421
0.000562
0.000749
0.000999
0.001332
0.001776
0.002368
0.003157
0.004209
0.005612
0.007483
0.009977
0.013303
0.017738
0.023650
0.031534
0.042045
0.056060
0.074747
0.099662
0.132883
0.177177
0.236236
0.314981
0.419975
0.559967
0.746622
0.995496
1.327328
2.000000
 >
 log_likelihood: -20847496.293289 
 distance: 106700.189698 
 breakpoints: 
 thetas: 1160102.679791 
 se_thetas: 11562.142985 
 residues: -54754.888675 12785.877655 29073.285298 33831.927136 32939.856895 31441.035494 29679.823382 25951.353285 23556.321150 20564.702242 18559.258455 15116.791676 14055.818808 12482.956819 10074.554528 7892.836358 6523.525167 5607.257441 4082.708921 2800.582509 1962.171179 1220.948735 448.484504 -291.120607 -708.142941 -1320.397083 -1447.583432 -1914.775777 -2795.014994 -2839.004310 -3028.749406 -3325.542259 -3482.592185 -4220.980396 -4183.524382 -4601.678848 -4653.454731 -4378.351432 -4902.299283 -4517.611647 -5021.944620 -4839.262723 -4869.810694 -5116.089278 -4813.835535 -4947.006403 -5161.765556 -5360.472759 -5170.676259 -2680.053589 
 fitted_sfs: 1171820.888675 591889.122345 398660.714702 302110.072864 244232.143105 205691.964506 178203.176618 157622.646715 141648.678850 128900.297758 118498.741545 109858.208324 102573.181192 96354.043181 90988.445472 86317.163642 82218.474833 78597.742559 75380.291079 72506.417491 69927.828821 67605.051265 65505.515496 63602.120607 61872.142941 60296.397083 58858.583432 57544.775777 56343.014994 55243.004310 54235.749406 53313.542259 52469.592185 51697.980396 50993.524382 50351.678848 49768.454731 49240.351432 48764.299283 48337.611647 47957.944620 47623.262723 47331.810694 47082.089278 46872.835535 46703.006403 46571.765556 46478.472759 46422.676259 23202.053589 
 >
 log_likelihood: -20843228.745717 
 distance: 60645.887554 
 breakpoints: 13 
 thetas: 194994.497268 1246566.023625 
 se_thetas: 96459.542346 10881.734835 
 residues: 1453.514569 -21611.615363 230.404127 11402.248492 14746.213777 16111.654736 16398.314831 14203.628848 12999.137724 10957.664202 9727.456237 6928.975036 6410.960784 5301.615976 3293.115794 1459.551819 395.719090 -250.692662 -1535.442080 -2603.376477 -3249.603598 -3817.707670 -4433.691901 -5031.435507 -5319.521263 -5814.333869 -5834.358882 -6203.632123 -6994.303227 -6956.290541 -7070.981469 -7299.041525 -7393.191055 -8074.070574 -7984.110928 -8354.428115 -8362.735891 -8048.272649 -8536.739960 -8120.250983 -8596.287049 -8388.661069 -8397.486890 -8625.153556 -8307.303983 -8427.817371 -8632.795009 -8824.549025 -8630.593982 -4409.320471 
 fitted_sfs: 1115612.485431 626286.615363 427503.595873 324539.751508 262425.786223 221021.345264 191484.685169 169370.371152 152205.862276 138507.335798 127330.543763 118046.024964 110218.039216 103535.384024 97769.884206 92750.448181 88346.280910 84455.692662 80998.442080 77910.376477 75139.603598 72643.707670 70387.691901 68342.435507 66483.521263 64790.333869 63245.358882 61833.632123 60542.303227 59360.290541 58277.981469 57287.041525 56380.191055 55551.070574 54794.110928 54104.428115 53477.735891 52910.272649 52398.739960 51940.250983 51532.287049 51172.661069 50859.486890 50591.153556 50366.303983 50183.817371 50042.795009 49942.549025 49882.593982 24931.320471 
 >
 log_likelihood: -20823560.635557 
 distance: 2277.104322 
 breakpoints: 25 29 
 thetas: 1003610.448605 1965791.245023 990345.026274 
 se_thetas: 548.543794 2899.717264 1579.584929 
 residues: -162.353812 148.788998 163.848178 620.485099 -307.300292 -76.978958 632.574458 -358.646287 13.752510 -300.820213 220.085976 -874.148923 226.023342 628.694337 17.516924 -534.879340 -430.905358 -17.588880 -344.044578 -547.835856 -416.606928 -286.589093 -276.721216 -314.210252 -101.413065 -148.956711 229.961946 216.139620 -258.175826 61.071906 196.141613 189.581566 291.613123 -215.773130 27.350040 -208.023648 -97.725090 320.682973 -77.014316 418.383730 10.551104 276.684675 317.545803 131.496058 483.526812 390.283990 206.088097 28.950350 231.584536 23.207786 
 fitted_sfs: 1117228.353812 604526.211002 427570.151822 335321.514901 277479.300292 237209.978958 207250.425542 183932.646287 165191.247490 149765.820213 136837.914024 125849.148923 116402.976658 108208.305663 101045.483076 94744.879340 89172.905358 84222.588880 79807.044578 75854.835856 72306.606928 69112.589093 66230.721216 63625.210252 61265.413065 59124.956711 57181.038054 55413.860380 53806.175826 52342.928094 51010.858387 49798.418434 48695.386877 47692.773130 46782.649960 45958.023648 45212.725090 44541.317027 43939.014316 43401.616270 42925.448896 42507.315325 42144.454197 41834.503942 41575.473188 41365.716010 41203.911903 41089.049650 41020.415464 20498.792214 
 >
 log_likelihood: -20823550.068607 
 distance: 1959.311543 
 breakpoints: 25 30 33 
 thetas: 1002593.988768 1967733.855343 43899.264037 1535090.995987 
 se_thetas: 589.058540 6890.223362 47746.998814 33137.180630 
 residues: 13.397596 -42.845533 -70.701898 414.385995 -463.461176 -177.773049 586.141537 -354.578982 63.170118 -211.727780 343.052347 -723.015073 399.836498 819.986798 221.415104 -322.903550 -215.027440 198.367940 -131.484998 -341.810821 -219.925089 -101.741846 -105.894811 -159.298289 35.970844 -30.447152 328.505574 293.868011 -201.881971 95.529904 208.568513 179.976701 260.158960 -268.722144 -46.578340 -302.265632 -211.475197 188.359550 -226.857144 252.184437 -170.742620 81.647837 110.196755 -86.664306 256.116505 155.236161 -34.943151 -216.377850 -16.331063 -101.182016 
 fitted_sfs: 1117052.602404 604717.845533 427804.701898 335527.614005 277635.461176 237310.773049 207296.858463 183928.578982 165141.829882 149676.727780 136714.947653 125698.015073 116229.163502 108017.013202 100841.584896 94532.903550 88957.027440 84006.632060 79594.484998 75648.810821 72109.925089 68927.741846 66059.894811 63470.298289 61128.029156 59006.447152 57082.494426 55336.131989 53749.881971 52308.470096 50998.431487 49808.023299 48726.841040 47745.722144 46856.578340 46052.265632 45326.475197 44673.640450 44088.857144 43567.815563 43106.742620 42702.352163 42351.803245 42052.664306 41802.883495 41600.763839 41444.943151 41334.377850 41268.331063 20623.182016 
