0.0001
0.000133
0.000178
0.000237
0.000316
0.000421
0.000562
0.000749
0.000999
0.001332
0.001776
0.002368
0.003157
0.004209
0.005612
0.007483
0.009977
0.013303
0.017738
0.02365
0.031534
0.042045
0.05606
0.074747
0.099662
0.132883
0.177177
0.236236
0.314981
0.419975
0.559967
0.746622
0.995496
1.327328
2.0
>
-22869329.736225 86367.310422 45738659.47245
 615566.809615  
>
-22868411.37671 24339.41759 45736826.75342
1.0 3349972.484233 533654.598129  
>
-22824638.310902 1659.696187 45649284.621804
9.0 33.0 998732.097046 500514.545070 996559.169108  
>
-22824637.313596 1653.48207 45649286.627192
9.0 29.0 30.0 998412.339013 500717.984255 162117.676110 817017.944527  
