0.000100
0.000133
0.000178
0.000237
0.000316
0.000421
0.000562
0.000749
0.000999
0.001332
0.001776
0.002368
0.003157
0.004209
0.005612
0.007483
0.009977
0.013303
0.017738
0.023650
0.031534
0.042045
0.056060
0.074747
0.099662
0.132883
0.177177
0.236236
0.314981
0.419975
0.559967
0.746622
0.995496
1.327328
2.000000
 >
 log_likelihood: -22869329.736225 
 distance: 86367.310422 
 breakpoints: 
 thetas: 615566.809615 
 se_thetas: 3001.851572 
 residues: 51907.007396 -28660.205221 -31198.355601 -26208.741373 -21750.022030 -18074.750777 -15320.021809 -13544.382263 -11869.469402 -10911.465620 -9239.032410 -8915.277468 -7707.967611 -7152.364941 -6704.728271 -6188.501620 -6035.024701 -5445.006211 -4995.742239 -4599.469869 -4546.476183 -4246.723329 -4151.832502 -3825.320837 -3567.022943 -3337.645305 -3248.419050 -3170.828099 -2994.393105 -2762.498600 -2670.253727 -2743.378933 -2612.113444 -2379.138883 -2162.516190 -2058.632812 -1964.158676 -2027.008916 -1945.312551 -1934.385545 -1929.708719 -1736.906679 -1774.732711 -1669.053107 -1505.835022 -1405.135700 -1307.091456 -1197.912319 -1289.871666 -1222.302371 -1440.585300 -1366.155348 -1277.485869 -1042.090254 -1123.517287 -1015.347980 -1056.192700 -1136.688811 -917.498154 -950.305132 -813.814832 -882.751519 -698.856706 -856.888280 -563.618838 -752.834954 -611.335829 -723.932462 -625.446946 -726.711357 -734.567366 -685.865317 -511.463919 -592.229362 -551.035099 -682.761128 -503.293779 -342.525147 -449.352798 -416.679474 -481.412661 -320.464396 -334.750914 -376.192457 -331.712939 -394.240241 -465.704907 -341.040984 -486.185532 -322.078391 -158.661648 -236.880589 -244.682422 -200.016644 -176.834953 -273.091000 -116.740411 -128.740546 -288.050570 -282.631213 -120.444816 -160.455140 -304.627419 -244.928165 -9.325193 -111.787529 -138.285379 -90.789999 -105.273773 -169.709973 -35.073056 22.661911 -236.481000 -47.479511 -26.310588 -118.952971 -19.385945 25.410526 -5.544089 57.768853 -91.632513 160.269251 68.491126 83.049696 -10.039163 51.239276 -19.099372 10.959054 -15.571449 180.322656 14.654458 80.436725 143.681791 140.401666 293.607851 138.311882 168.524457 60.256317 263.517782 76.318859 218.669318 257.578626 245.056006 130.110188 264.750467 102.984747 146.821430 174.268551 181.333879 271.025025 240.349375 186.314102 212.926236 329.192595 205.119796 202.714349 224.982514 314.930562 333.564362 173.889796 221.912597 166.638283 339.072298 225.219909 250.086306 189.676501 195.995493 390.047891 248.838549 310.372008 333.652706 333.685030 403.473204 280.021449 289.333782 301.414217 316.266607 355.894767 278.302402 299.493137 221.470578 274.238112 237.799210 345.157116 267.315146 325.276431 391.044133 204.621252 364.010800 407.215665 432.238720 347.082751 234.750513 359.244679 390.567866 377.722653 495.711558 346.537062 400.201561 398.707321 478.057017 319.252584 308.296344 497.190503 368.937197 379.538542 487.996595 436.313367 511.490887 360.530982 337.435683 504.206793 406.846225 494.355698 455.737017 449.991918 357.122086 499.129206 459.014913 345.780829 506.428475 435.959537 463.375437 342.677686 503.867769 499.947103 475.917129 575.779235 446.534796 480.185158 504.731622 514.175491 389.518070 452.760585 430.904278 436.950343 383.899972 493.754373 345.514689 418.181968 521.757409 495.242074 623.637056 498.943438 588.162136 367.294292 475.340869 461.302882 529.181279 621.977017 455.691041 536.324271 420.877652 506.352046 444.748339 429.067403 511.310083 495.477268 493.569737 527.588308 547.533797 517.406983 491.208668 515.939594 572.600532 503.192180 533.715318 538.170655 502.558892 588.880730 553.136910 472.327919 495.454639 503.517642 542.517582 639.455105 485.330772 491.145294 503.899238 523.593211 484.227793 610.803580 573.321136 561.781056 580.183858 610.530107 522.820351 507.055115 450.235106 689.360278 654.431800 513.449839 556.414966 719.327681 585.188444 617.997726 577.756029 523.463766 559.121428 536.729480 570.288338 614.798431 561.260234 540.674108 621.040512 469.359883 630.632601 465.859049 576.039684 548.174804 606.264881 539.310256 612.311316 535.268437 565.181976 567.052291 560.879752 542.664686 529.407456 525.108412 630.767878 491.386234 449.963667 624.500615 583.997450 517.454405 484.871761 576.249868 591.589062 661.889609 637.151783 538.375902 576.562251 552.711111 543.823197 602.897475 525.935532 596.937190 503.902727 486.832407 540.726465 664.585175 527.408795 466.197562 568.951708 558.671523 527.357197 551.008982 634.627117 548.211831 634.763337 609.281872 664.767662 547.220907 600.641839 613.030666 613.387598 639.712831 588.006560 653.269058 691.500439 643.700940 619.870747 667.010048 653.119039 540.197904 663.246829 604.265985 708.255572 669.215747 559.146704 615.048586 677.921591 617.765882 671.581608 627.368959 722.128077 684.859125 690.562267 568.237650 609.885439 563.505763 618.098832 587.664663 534.203526 670.715527 578.200783 455.659484 544.091722 619.497647 615.877398 683.231092 698.558883 526.860875 598.137212 649.388024 582.613399 618.813497 626.988421 595.138292 518.263230 693.363343 668.438751 611.635012 606.516053 630.517839 583.495502 667.449024 620.378467 648.283964 633.165595 655.023474 593.857688 695.668342 697.455526 597.219339 620.959862 570.677201 668.371433 617.042653 545.690928 664.316409 514.919091 678.499110 562.056533 575.591441 595.103922 495.594039 507.061877 573.507509 583.930995 625.332446 634.711897 630.069424 599.405109 573.719006 543.011187 582.281689 534.530659 590.758079 590.964028 647.148584 713.311795 583.453719 600.574412 652.673934 608.752339 627.809678 707.846006 645.861380 559.855837 579.829432 568.782213 504.714230 595.625528 566.516151 640.386121 688.235532 684.064393 638.872745 700.660628 593.428082 673.175144 666.901854 665.608241 661.294348 587.960201 603.605836 614.231283 657.836573 605.421737 605.986799 559.531793 597.056738 645.561665 658.046596 636.511559 617.956566 701.381646 655.786819 648.172105 632.537523 635.883087 631.208816 532.514726 626.800833 775.067144 672.313677 752.540446 690.747462 513.934727 616.102259 743.250062 632.378145 569.486509 575.575168 556.644118 502.693363 698.722913 278.866381 
 fitted_sfs: 616182.992604 308400.205221 205806.355601 154509.741373 123732.022030 103213.750777 88558.021809 77566.382263 69017.469402 62178.465620 56583.032410 51920.277468 47974.967611 44593.364941 41662.728271 39098.501620 36836.024701 34825.006211 33025.742239 31406.469869 29941.476183 28609.723329 27393.832502 26279.320837 25254.022943 24307.645305 23431.419050 22617.828099 21860.393105 21153.498600 20492.253727 19872.378933 19290.113444 18742.138883 18225.516190 17737.632812 17276.158676 16839.008916 16424.312551 16030.385545 15655.708719 15298.906679 14958.732711 14634.053107 14323.835022 14027.135700 13743.091456 13470.912319 13209.871666 12959.302371 12718.585300 12487.155348 12264.485869 12050.090254 11843.517287 11644.347980 11452.192700 11266.688811 11087.498154 10914.305132 10746.814832 10584.751519 10427.856706 10275.888280 10128.618838 9985.834954 9847.335829 9712.932462 9582.446946 9455.711357 9332.567366 9212.865317 9096.463919 8983.229362 8873.035099 8765.761128 8661.293779 8559.525147 8460.352798 8363.679474 8269.412661 8177.464396 8087.750914 8000.192457 7914.712939 7831.240241 7749.704907 7670.040984 7592.185532 7516.078391 7441.661648 7368.880589 7297.682422 7228.016644 7159.834953 7093.091000 7027.740411 6963.740546 6901.050570 6839.631213 6779.444816 6720.455140 6662.627419 6605.928165 6550.325193 6495.787529 6442.285379 6389.789999 6338.273773 6287.709973 6238.073056 6189.338089 6141.481000 6094.479511 6048.310588 6002.952971 5958.385945 5914.589474 5871.544089 5829.231147 5787.632513 5746.730749 5706.508874 5666.950304 5628.039163 5589.760724 5552.099372 5515.040946 5478.571449 5442.677344 5407.345542 5372.563275 5338.318209 5304.598334 5271.392149 5238.688118 5206.475543 5174.743683 5143.482218 5112.681141 5082.330682 5052.421374 5022.943994 4993.889812 4965.249533 4937.015253 4909.178570 4881.731449 4854.666121 4827.974975 4801.650625 4775.685898 4750.073764 4724.807405 4699.880204 4675.285651 4651.017486 4627.069438 4603.435638 4580.110204 4557.087403 4534.361717 4511.927702 4489.780091 4467.913694 4446.323499 4425.004507 4403.952109 4383.161451 4362.627992 4342.347294 4322.314970 4302.526796 4282.978551 4263.666218 4244.585783 4225.733393 4207.105233 4188.697598 4170.506863 4152.529422 4134.761888 4117.200790 4099.842884 4082.684854 4065.723569 4048.955867 4032.378748 4015.989200 3999.784335 3983.761280 3967.917249 3952.249487 3936.755321 3921.432134 3906.277347 3891.288442 3876.462938 3861.798439 3847.292679 3832.942983 3818.747416 3804.703656 3790.809497 3777.062803 3763.461458 3750.003405 3736.686633 3723.509113 3710.469018 3697.564317 3684.793207 3672.153775 3659.644302 3647.262983 3635.008082 3622.877914 3610.870794 3598.985087 3587.219171 3575.571525 3564.040463 3552.624563 3541.322314 3530.132231 3519.052897 3508.082871 3497.220765 3486.465204 3475.814842 3465.268378 3454.824509 3444.481930 3434.239415 3424.095722 3414.049657 3404.100028 3394.245627 3384.485311 3374.818032 3365.242591 3355.757926 3346.362944 3337.056562 3327.837864 3318.705708 3309.659131 3300.697118 3291.818721 3283.022983 3274.308959 3265.675729 3257.122348 3248.647954 3240.251661 3231.932597 3223.689917 3215.522732 3207.430263 3199.411692 3191.466203 3183.593017 3175.791332 3168.060406 3160.399468 3152.807820 3145.284682 3137.829345 3130.441108 3123.119270 3115.863090 3108.672081 3101.545361 3094.482358 3087.482418 3080.544895 3073.669228 3066.854706 3060.100762 3053.406789 3046.772207 3040.196420 3033.678864 3027.218944 3020.816142 3014.469893 3008.179649 3001.944885 2995.764894 2989.639722 2983.568200 2977.550161 2971.585034 2965.672319 2959.811556 2954.002274 2948.243971 2942.536234 2936.878572 2931.270520 2925.711662 2920.201569 2914.739766 2909.325892 2903.959488 2898.640117 2893.367399 2888.140951 2882.960316 2877.825196 2872.735119 2867.689744 2862.688684 2857.731563 2852.818024 2847.947709 2843.120248 2838.335314 2833.592544 2828.891588 2824.232122 2819.613766 2815.036333 2810.499385 2806.002550 2801.545595 2797.128239 2792.750132 2788.410938 2784.110391 2779.848217 2775.624098 2771.437749 2767.288889 2763.176803 2759.102525 2755.064468 2751.062810 2747.097273 2743.167593 2739.273535 2735.414825 2731.591205 2727.802438 2724.048292 2720.328477 2716.642803 2712.991018 2709.372883 2705.788169 2702.236663 2698.718128 2695.232338 2691.779093 2688.358161 2684.969334 2681.612402 2678.287169 2674.993440 2671.730942 2668.499561 2665.299060 2662.129253 2658.989952 2655.880961 2652.802096 2649.753171 2646.734015 2643.744428 2640.784253 2637.853296 2634.951414 2632.078409 2629.234118 2626.418392 2623.631041 2620.871923 2618.140875 2615.437733 2612.762350 2610.114561 2607.494237 2604.901168 2602.335337 2599.796474 2597.284473 2594.799217 2592.340516 2589.908278 2587.502353 2585.122602 2582.768908 2580.441117 2578.139125 2575.862788 2573.611976 2571.386601 2569.186503 2567.011579 2564.861708 2562.736770 2560.636657 2558.561249 2556.364988 2554.483947 2552.482161 2550.504498 2548.550976 2546.621533 2544.716036 2542.834405 2540.976526 2539.142312 2537.331658 2535.544474 2533.780661 2532.040138 2530.322799 2528.628567 2526.957347 2525.309072 2523.683591 2522.080909 2520.500890 2518.943467 2517.408559 2515.896078 2514.405961 2512.938123 2511.492491 2510.069005 2508.667554 2507.288103 2505.930576 2504.594891 2503.280994 2501.988813 2500.718311 2499.469341 2498.241921 2497.035972 2495.851416 2494.688205 2493.546281 2492.425588 2491.326066 2490.247661 2489.190322 2488.153994 2487.138620 2486.144163 2485.170568 2484.217787 2483.285770 2482.374472 2481.483849 2480.613879 2479.764468 2478.935607 2478.127255 2477.339372 2476.571918 2475.824856 2475.098146 2474.391759 2473.705652 2473.039799 2472.394164 2471.768717 2471.163427 2470.578263 2470.013201 2469.468207 2468.943262 2468.438335 2467.953404 2467.488441 2467.043434 2466.618354 2466.213181 2465.827895 2465.462477 2465.116913 2464.791184 2464.485274 2464.199167 2463.932856 2463.686323 2463.459554 2463.252538 2463.065273 2462.897741 2462.749938 2462.621855 2462.513491 2462.424832 2462.355882 2462.306637 2462.277087 1231.133619 
 >
 log_likelihood: -22868411.376710 
 distance: 24339.417590 
 breakpoints: 1 
 thetas: 3349972.484233 533654.598129 
 se_thetas: 35999.637104 1370.915807 
 residues: -215.447657 9187.566625 -3913.224126 -5652.047987 -5285.392552 -4340.314289 -3535.787878 -3222.783054 -2685.456445 -2637.504875 -1709.644450 -2006.352764 -1324.037108 -1218.417433 -1160.754716 -985.744258 -1133.330328 -810.914173 -601.074522 -420.275368 -562.225279 -439.685751 -506.591551 -328.385840 -206.521902 -103.076866 -130.448262 -161.120144 -85.475453 52.354074 56.608388 -99.002299 -45.217714 114.839074 262.715863 301.677623 334.744271 213.723394 240.236948 198.745400 153.564150 298.887466 215.795123 278.270267 400.208254 461.425347 521.673525 594.634350 467.938824 502.161541 251.850709 295.484741 354.524035 561.390444 452.475141 534.141355 467.727055 362.546316 557.892431 502.039054 616.241939 525.739652 688.756803 510.502956 784.175659 575.959584 699.028906 568.547630 649.669610 531.540754 507.298140 540.071789 698.983844 603.150570 629.681441 483.680717 649.246773 796.473245 676.448999 696.258198 618.981132 767.693988 741.469485 688.376788 721.482160 647.846899 565.532374 679.595640 524.090956 678.070264 831.584976 743.681256 726.405178 761.800698 775.909561 670.772066 818.426547 797.910125 630.258054 627.504489 781.681978 733.822055 581.954719 634.109110 862.313114 752.593588 718.976284 759.486248 738.147266 666.982808 795.014460 846.264448 580.754220 763.500403 778.525667 679.847663 773.484213 812.452649 775.770188 833.452690 678.515973 924.974865 827.844245 837.139132 738.873283 795.057247 719.707095 744.834207 713.450813 904.568621 734.198841 795.352685 854.040789 846.273691 995.060917 835.413385 861.339457 748.848837 947.950440 756.652848 894.964620 929.893938 913.448858 794.636174 925.465992 759.943226 800.075727 823.870556 827.334335 913.473752 879.295199 821.804822 845.008813 957.913064 830.523204 824.845002 843.883708 930.645190 946.134077 783.355607 828.314871 770.016495 939.465288 822.665729 844.622421 781.339617 784.821955 976.072748 832.096808 890.897956 911.479932 908.846633 976.001571 849.948619 856.691076 866.232559 878.576286 915.725633 835.683774 854.453838 774.039159 824.442355 785.666724 890.714780 810.589658 866.293880 929.830384 741.201600 898.410262 939.458765 962.349662 875.085337 760.668230 883.100642 912.384798 897.522964 1013.517312 862.370046 914.083158 910.658248 988.098857 827.405490 814.580458 1001.625747 871.543172 880.334625 987.001863 933.546595 1006.970741 854.275467 829.462970 994.534566 895.492194 981.337038 941.070805 933.695003 839.211020 979.620373 937.924456 823.124714 982.222259 910.219019 936.115871 813.914168 973.615256 968.220259 942.730518 1041.147211 910.471556 942.704724 965.847777 973.901852 847.868196 909.747770 886.541690 891.250927 836.876522 945.419664 795.881311 867.262087 969.563334 941.785863 1068.930696 942.998856 1030.990702 808.907649 915.750379 900.519868 967.216848 1058.842151 891.396603 970.880987 854.296233 938.642974 875.921983 859.134027 940.279809 923.360274 920.375917 953.327456 972.215651 941.041135 913.804700 937.506895 993.148461 922.729837 952.251879 955.715164 919.120275 1004.467825 967.758650 885.992507 908.170919 915.294074 953.362575 1049.377005 894.337617 899.245364 911.100570 929.903801 889.655510 1015.356261 977.006512 964.606876 982.157664 1011.659418 923.112636 906.517744 848.875957 1087.185341 1051.449133 909.666317 951.837656 1113.963613 979.044513 1011.080739 970.072847 915.021013 949.925794 926.787635 959.606809 1003.383655 949.118734 927.812134 1007.464390 855.075971 1015.647097 850.178032 959.669393 931.121096 988.533863 920.907841 993.243410 915.540909 944.800621 946.022847 939.207952 920.356138 906.467781 901.543207 1006.582659 866.586618 824.554765 998.487876 957.386452 890.250409 857.079890 947.875338 962.637171 1032.365498 1007.060483 907.722495 945.351780 920.948564 911.514847 970.045581 892.546314 963.015459 869.453316 851.860113 905.235972 1028.581196 890.896028 829.180634 931.435172 920.660058 888.855282 912.021122 995.157802 908.265524 994.344421 968.394745 1023.416705 905.410414 958.376136 970.314028 970.224273 996.107004 943.962356 1008.790819 1046.592186 998.366811 974.114825 1020.836377 1006.531665 893.200834 1015.844053 956.461434 1060.053226 1020.619489 910.160461 965.676162 1028.166861 967.632681 1021.073695 976.490159 1070.882126 1033.249751 1038.593202 915.912571 957.208049 910.479668 964.727821 933.952080 880.153098 1016.330846 923.485334 800.616913 888.725500 963.811269 959.874369 1026.914835 1041.932895 869.928546 940.901984 991.853328 924.782534 960.689872 968.575379 936.439170 859.281353 1034.102002 1008.901246 952.090193 946.436529 970.171427 922.885878 1006.579485 959.252154 986.904110 971.535343 993.146006 931.736140 1033.305858 1034.855222 934.384341 957.893237 907.382064 1004.850843 953.299679 881.728557 1000.137842 850.527220 1013.896992 897.247165 910.577818 929.889054 830.180875 841.453395 907.706658 917.940680 959.155683 968.351580 963.528447 932.686414 906.825467 875.945699 915.047046 867.129909 923.194005 923.239459 979.266404 1045.274839 915.264808 932.236366 984.189577 940.124485 959.041121 1038.939545 976.819828 890.681949 910.525985 899.351973 835.159965 925.950001 896.722114 970.476248 1018.212660 1013.931246 968.632044 1030.315090 922.980423 1002.628071 996.258086 994.870468 990.465283 917.042534 932.602256 943.144473 986.669215 934.176515 934.666381 888.138861 925.593945 974.031682 986.452084 964.855188 946.240974 1029.609482 983.960739 976.294757 960.611556 963.911138 959.193523 860.458725 954.706768 1102.937632 1000.151353 1080.347946 1018.527424 841.689762 943.835000 1070.963135 960.074183 897.168117 903.244989 884.304763 830.347447 1026.373074 442.690806 
 fitted_sfs: 668305.447657 270552.433375 178521.224126 133953.047987 107267.392552 89479.314289 76773.787878 67244.783054 59833.456445 53904.504875 49053.644450 45011.352764 41591.037108 38659.417433 36118.754716 33895.744258 31934.330328 30190.914173 28631.074522 27227.275368 25957.225279 24802.685751 23748.591551 22782.385840 21893.521902 21073.076866 20313.448262 19608.120144 18951.475453 18338.645926 17765.391612 17228.002299 16723.217714 16248.160926 15800.284137 15377.322377 14977.255729 14598.276606 14238.763052 13897.254600 13572.435850 13263.112534 12968.204877 12686.729733 12417.791746 12160.574653 11914.326475 11678.365650 11452.061176 11234.838459 11026.149291 10825.515259 10632.475965 10446.609556 10267.524859 10094.858645 9928.272945 9767.453684 9612.107569 9461.960946 9316.758061 9176.260348 9040.243197 8908.497044 8780.824341 8657.040416 8536.971094 8420.452370 8307.330390 8197.459246 8090.701860 7986.928211 7886.016156 7787.849430 7692.318559 7599.319283 7508.753227 7420.526755 7334.551001 7250.741802 7169.018868 7089.306012 7011.530515 6935.623212 6861.517840 6789.153101 6718.467626 6649.404360 6581.909044 6515.929736 6451.415024 6388.318744 6326.594822 6266.199302 6207.090439 6149.227934 6092.573453 6037.089875 5982.741946 5929.495511 5877.318022 5826.177945 5776.045281 5726.890890 5678.686886 5631.406412 5585.023716 5539.513752 5494.852734 5451.017192 5407.985540 5365.735552 5324.245780 5283.499597 5243.474333 5204.152337 5165.515787 5127.547351 5090.229812 5053.547310 5017.484027 4982.025135 4947.155755 4912.860868 4879.126717 4845.942753 4813.292905 4781.165793 4749.549187 4718.431379 4687.801159 4657.647315 4627.959211 4598.726309 4569.939083 4541.586615 4513.660543 4486.151163 4459.049560 4432.347152 4406.035380 4380.106062 4354.551142 4329.363826 4304.534008 4280.056774 4255.924273 4232.129444 4208.665665 4185.526248 4162.704801 4140.195178 4117.991187 4096.086936 4074.476796 4053.154998 4032.116292 4011.354810 3990.865923 3970.644393 3950.685129 3930.983505 3911.534712 3892.334271 3873.377579 3854.660383 3836.178045 3817.927252 3799.903192 3782.102044 3764.520068 3747.153367 3729.998429 3713.051381 3696.308924 3679.767441 3663.423714 3647.274367 3631.316226 3615.546162 3599.960841 3584.557645 3569.333276 3554.285220 3539.410342 3524.706120 3510.169616 3495.798400 3481.589738 3467.541235 3453.650338 3439.914663 3426.331770 3412.899358 3399.615202 3386.477036 3373.482688 3360.629954 3347.916842 3335.341752 3322.901143 3310.594510 3298.419542 3286.374253 3274.456828 3262.665375 3250.998137 3239.453405 3228.029259 3216.724533 3205.537030 3194.465434 3183.507806 3172.662962 3161.929195 3151.304997 3140.788980 3130.379627 3120.075544 3109.875286 3099.777741 3089.780981 3079.884129 3070.085832 3060.384744 3050.779741 3041.269482 3031.852789 3022.528444 3013.295276 3004.152223 2995.098148 2986.131804 2977.252230 2968.458310 2959.749073 2951.123478 2942.580336 2934.118689 2925.737913 2917.436666 2909.214137 2901.069304 2893.001144 2885.009298 2877.092351 2869.249621 2861.480132 2853.783152 2846.157849 2838.603397 2831.119013 2823.703767 2816.357026 2809.078017 2801.865973 2794.720191 2787.639726 2780.624083 2773.672544 2766.784349 2759.958865 2753.195300 2746.493105 2739.851539 2733.270163 2726.748121 2720.284836 2713.879725 2707.532175 2701.241350 2695.007493 2688.829081 2682.705926 2676.637425 2670.622995 2664.662383 2658.754636 2652.899430 2647.096199 2641.344490 2635.643739 2629.993488 2624.393124 2618.842336 2613.340582 2607.887364 2602.482256 2597.124043 2591.814659 2586.550867 2581.333683 2576.162344 2571.036387 2565.955487 2560.919261 2555.927153 2550.978987 2546.074206 2541.212365 2536.393191 2531.616345 2526.881266 2522.187866 2517.535610 2512.924029 2508.352903 2503.821968 2499.330607 2494.878904 2490.466137 2486.092159 2481.756590 2477.459091 2473.199379 2468.977153 2464.792048 2460.643862 2456.532219 2452.456793 2448.417341 2444.413382 2440.445235 2436.512124 2432.613548 2428.749591 2424.920110 2421.124662 2417.362829 2413.634502 2409.939517 2406.277505 2402.648220 2399.051436 2395.485153 2391.954419 2388.453686 2384.984541 2381.546684 2378.139887 2374.764028 2371.418804 2368.103972 2364.819366 2361.564828 2358.339942 2355.144718 2351.978878 2348.842198 2345.734476 2342.655579 2339.605255 2336.583295 2333.589586 2330.623864 2327.685972 2324.775727 2321.892996 2319.037644 2316.209181 2313.407814 2310.633189 2307.885175 2305.163623 2302.468335 2299.799166 2297.155947 2294.538566 2291.946774 2289.380511 2286.839539 2284.323838 2281.833139 2279.367319 2276.926305 2274.509841 2272.117874 2269.750249 2267.406798 2265.087429 2262.791951 2260.520332 2258.272179 2256.047920 2253.846902 2251.669154 2249.514666 2247.383087 2245.274500 2243.188731 2241.125631 2239.085165 2237.067105 2235.071454 2233.098016 2231.146672 2229.217466 2227.310128 2225.424621 2223.560830 2221.718647 2219.897998 2218.098754 2215.909807 2214.563471 2212.828573 2211.114122 2209.420515 2207.747846 2206.095890 2204.464657 2202.853994 2201.263860 2199.694142 2198.144778 2196.615659 2195.106763 2193.617936 2192.149157 2190.700321 2189.271443 2187.862158 2186.472780 2185.103008 2183.752835 2182.422182 2181.110946 2179.819125 2178.546605 2177.293342 2176.059320 2174.844317 2173.648420 2172.471553 2171.313586 2170.174533 2169.054301 2167.952954 2166.870091 2165.805995 2164.760541 2163.733596 2162.725161 2161.735192 2160.763634 2159.810423 2158.875515 2157.958879 2157.060455 2156.180172 2155.318051 2154.474015 2153.648027 2152.840035 2152.049999 2151.277886 2150.523752 2149.787340 2149.068754 2148.367956 2147.684910 2147.019577 2146.371929 2145.741914 2145.129532 2144.534717 2143.957466 2143.397744 2142.855527 2142.330785 2141.823485 2141.333619 2140.861139 2140.406055 2139.968318 2139.547916 2139.144812 2138.759026 2138.390518 2138.039261 2137.705243 2137.388444 2137.088862 2136.806477 2136.541275 2136.293232 2136.062368 2135.848647 2135.652054 2135.472576 2135.310238 2135.165000 2135.036865 2134.925817 2134.831883 2134.755011 2134.695237 2134.652553 2134.626926 1067.309194 
 >
 log_likelihood: -22824638.310902 
 distance: 1659.696187 
 breakpoints: 9 33 
 thetas: 998732.097046 500514.545070 996559.169108 
 se_thetas: 335.392509 116.851457 1596.961659 
 residues: -38.559182 227.943976 20.231205 24.407829 -146.534398 -12.021858 84.117958 -171.807203 -88.079286 -406.306585 220.972053 -326.505909 143.545065 67.212025 -32.810555 4.237101 -265.067772 -50.832916 62.225096 155.932556 -64.803445 -13.877092 -146.157974 -27.869888 38.878821 91.457572 16.996391 -57.393432 -22.443587 77.411844 46.149575 -142.750681 -120.231070 10.406591 130.552004 143.329437 151.633441 7.159242 11.428114 -51.190547 -116.461858 9.732920 -91.592739 -46.516962 58.800045 104.124595 149.159673 207.546862 66.877216 87.692287 -175.501817 -144.248312 -97.118084 98.284525 -21.673602 49.348210 -27.333190 -142.423012 43.353730 -21.746342 83.516582 -15.633404 139.013990 -47.344449 218.476268 2.649600 118.338835 -19.302316 54.870720 -70.005448 -100.802121 -74.397558 78.323053 -23.531433 -2.858172 -154.559541 5.456848 147.278749 21.989467 36.668049 -45.610266 98.226032 67.245071 9.511707 38.087877 -39.968062 -126.599367 -16.752448 -176.376190 -26.421731 123.158293 31.408082 10.370631 42.087042 52.596561 -56.063101 88.144108 64.252892 -106.703580 -112.693352 38.314175 -12.651509 -167.562167 -118.390544 106.889523 -5.696778 -42.125239 -4.372461 -28.416024 -102.234129 23.193869 71.888378 -196.130889 -15.846447 -3.238934 -104.291250 -12.986580 23.691358 -15.241530 40.229846 -116.879746 127.443808 28.214350 35.445510 -64.849800 -10.660125 -87.972176 -64.774648 -98.056140 91.194350 -81.012567 -21.666476 35.242638 25.724568 172.788566 11.444219 35.700020 -78.435210 119.046913 -73.845495 62.895531 96.277681 78.308468 -42.005189 87.344747 -79.635754 -40.939724 -18.560610 -16.492119 68.271956 32.737619 -26.089314 -4.203105 107.401785 -21.269288 -28.211002 -10.418307 75.113993 89.390566 -74.583773 -30.804336 -90.266671 78.033667 -39.899057 -19.060601 -83.446910 -81.053852 109.122168 -35.914767 21.839008 41.387078 37.733032 103.880270 -23.167729 -17.407738 -8.836464 2.549199 38.752370 -42.223950 -24.376815 -105.703247 -56.200562 -95.865874 8.303387 -72.690023 -17.843601 44.845266 -144.621020 11.760018 51.990704 74.073388 -13.989672 -129.196225 -7.544101 20.968819 5.344638 120.585401 -31.306863 19.669776 15.517074 92.237492 -69.167672 -82.696458 103.652943 -27.117739 -19.006772 86.987510 32.866737 105.632593 -47.713529 -73.169882 91.264947 -8.407424 76.814332 35.931717 27.946142 -67.141039 72.671557 30.385254 -84.998622 73.521121 0.945959 26.276968 -96.484615 62.662432 56.719236 30.686992 128.566821 -2.640153 29.067165 51.689820 59.228871 -67.314595 -5.939603 -29.645134 -25.430232 -80.293926 27.764797 -122.253140 -51.346949 50.484413 22.241785 148.926073 22.538175 110.078738 -112.451213 -6.050928 -21.719564 44.543633 135.739441 -32.131371 46.931943 -70.069825 13.864001 -49.265858 -66.458691 14.286184 -3.030472 -6.408066 26.154070 44.656610 13.100178 -14.514552 8.813002 64.083485 -6.702575 22.455497 25.558269 -11.393693 73.600180 36.540538 -45.572380 -23.737680 -16.954969 20.776295 116.456642 -38.913527 -34.333555 -22.803021 -4.321420 -44.888294 80.496853 41.834474 29.125072 46.369040 75.566847 -13.281056 -30.174247 -88.112008 149.905168 113.878765 -28.191357 13.695330 175.539236 40.340721 72.100161 30.817992 -24.505491 10.130140 -13.274728 19.280226 62.795342 8.271039 -13.292440 66.105310 -86.535335 73.785908 -91.930665 17.315370 -11.475826 45.696205 -22.168296 49.930998 -28.005606 1.022177 2.014636 -5.027919 -24.105240 -38.217016 -43.362961 61.457183 -78.756242 -121.003194 52.716774 11.404006 -55.941375 -89.319163 1.270959 15.829293 85.356026 59.851366 -39.684409 -2.251066 -26.848381 -36.475421 21.865916 -55.822018 14.460268 -79.286985 -97.063563 -43.869293 79.296062 -58.567285 -120.459148 -18.379349 -29.327616 -61.303833 -38.307782 44.660736 -42.398093 43.515893 17.402897 72.263105 -45.903333 6.903786 18.684626 18.439356 44.168129 -8.128905 56.548535 94.200470 45.827127 21.428651 68.005191 53.556915 -59.916034 62.586498 3.064643 106.518580 66.948420 -43.645665 11.736420 74.094856 13.429772 66.741278 22.029546 116.294678 78.536810 83.756079 -39.047402 2.126511 -44.722093 9.407003 -21.486289 -75.401652 60.660972 -32.298344 -155.279400 -67.282161 7.693505 3.647719 70.580561 85.492175 -86.617372 -15.747948 35.100553 -32.071824 3.735081 11.521340 -20.712947 -97.967681 76.757222 51.461865 -5.618120 -11.189019 12.455103 -34.920447 48.684218 1.269115 28.834376 13.380049 34.906237 -26.586994 74.900444 76.368621 -24.182376 -0.752494 -51.341632 46.050264 -5.576726 -77.222565 41.112927 -108.570327 54.727824 -61.992574 -48.731456 -29.488742 -129.264396 -118.058336 -51.870509 -41.700874 -0.549313 8.584177 3.699660 -27.202784 -53.123127 -84.061300 -45.017298 -92.990936 -36.982292 -36.991288 18.982154 84.938063 -45.123514 -28.202531 23.701064 -20.412686 -1.543743 78.307941 16.142418 -70.040296 -50.240147 -61.457099 -125.691109 -34.942139 -64.210156 9.504841 57.202970 52.884211 7.548599 69.196167 -38.173053 41.440969 35.038270 33.618867 29.182803 -44.269907 -28.739232 -18.225149 25.272369 -27.246652 -26.782194 -73.334227 -35.902741 12.512294 24.910895 3.293087 -15.341126 68.008281 22.341329 14.658030 -1.041597 2.242455 -2.489796 -101.238339 -7.003156 141.215750 38.418401 118.604807 56.774978 -120.071090 -17.933377 109.188119 -1.706593 -64.617518 -58.544637 -77.487959 -131.447480 64.576813 -38.207546 
 fitted_sfs: 668128.559182 279512.056024 174587.768795 128276.592171 102128.534398 85151.021858 73153.882042 64193.807203 57236.079286 51673.306585 47123.027947 43331.505909 40123.454935 37373.787975 34990.810555 32905.762899 31066.067772 29430.832916 27967.774904 26651.067444 25459.803445 24376.877092 23388.157974 22481.869888 21648.121179 20878.542428 20166.003609 19504.393432 18888.443587 18313.588156 17775.850425 17271.750681 16798.231070 16352.593409 15932.447996 15535.670563 15160.366559 14804.840758 14467.571886 14147.190547 13842.461858 13552.267080 13275.592739 13011.516962 12759.199955 12517.875405 12286.840327 12065.453138 11853.122784 11649.307713 11453.501817 11265.248312 11084.118084 10909.715475 10741.673602 10579.651790 10423.333190 10272.423012 10126.646270 9985.746342 9849.483418 9717.633404 9589.986010 9466.344449 9346.523732 9230.350400 9117.661165 9008.302316 8902.129280 8799.005448 8698.802121 8601.397558 8506.676947 8414.531433 8324.858172 8237.559541 8152.543152 8069.721251 7989.010533 7910.331951 7833.610266 7758.773968 7685.754929 7614.488293 7544.912123 7476.968062 7410.599367 7345.752448 7282.376190 7220.421731 7159.841707 7100.591918 7042.629369 6985.912958 6930.403439 6876.063101 6822.855892 6770.747108 6719.703580 6669.693352 6620.685825 6572.651509 6525.562167 6479.390544 6434.110477 6389.696778 6346.125239 6303.372461 6261.416024 6220.234129 6179.806131 6140.111622 6101.130889 6062.846447 6025.238934 5988.291250 5951.986580 5916.308642 5881.241530 5846.770154 5812.879746 5779.556192 5746.785650 5714.554490 5682.849800 5651.660125 5620.972176 5590.774648 5561.056140 5531.805650 5503.012567 5474.666476 5446.757362 5419.275432 5392.211434 5365.555781 5339.299980 5313.435210 5287.953087 5262.845495 5238.104469 5213.722319 5189.691532 5166.005189 5142.655253 5119.635754 5096.939724 5074.560610 5052.492119 5030.728044 5009.262381 4988.089314 4967.203105 4946.598215 4926.269288 4906.211002 4886.418307 4866.886007 4847.609434 4828.583773 4809.804336 4791.266671 4772.966333 4754.899057 4737.060601 4719.446910 4702.053852 4684.877832 4667.914767 4651.160992 4634.612922 4618.266968 4602.119730 4586.167729 4570.407738 4554.836464 4539.450801 4524.247630 4509.223950 4494.376815 4479.703247 4465.200562 4450.865874 4436.696613 4422.690023 4408.843601 4395.154734 4381.621020 4368.239982 4355.009296 4341.926612 4328.989672 4316.196225 4303.544101 4291.031181 4278.655362 4266.414599 4254.306863 4242.330224 4230.482926 4218.762508 4207.167672 4195.696458 4184.347057 4173.117739 4162.006772 4151.012490 4140.133263 4129.367407 4118.713529 4108.169882 4097.735053 4087.407424 4077.185668 4067.068283 4057.053858 4047.141039 4037.328443 4027.614746 4017.998622 4008.478879 3999.054041 3989.723032 3980.484615 3971.337568 3962.280764 3953.313008 3944.433179 3935.640153 3926.932835 3918.310180 3909.771129 3901.314595 3892.939603 3884.645134 3876.430232 3868.293926 3860.235203 3852.253140 3844.346949 3836.515587 3828.758215 3821.073927 3813.461825 3805.921262 3798.451213 3791.050928 3783.719564 3776.456367 3769.260559 3762.131371 3755.068057 3748.069825 3741.135999 3734.265858 3727.458691 3720.713816 3714.030472 3707.408066 3700.845930 3694.343390 3687.899822 3681.514552 3675.186998 3668.916515 3662.702575 3656.544503 3650.441731 3644.393693 3638.399820 3632.459462 3626.572380 3620.737680 3614.954969 3609.223705 3603.543358 3597.913527 3592.333555 3586.803021 3581.321420 3575.888294 3570.503147 3565.165526 3559.874928 3554.630960 3549.433153 3544.281056 3539.174247 3534.112008 3529.094832 3524.121235 3519.191357 3514.304670 3509.460764 3504.659279 3499.899839 3495.182008 3490.505491 3485.869860 3481.274728 3476.719774 3472.204658 3467.728961 3463.292440 3458.894690 3454.535335 3450.214092 3445.930665 3441.684630 3437.475826 3433.303795 3429.168296 3425.069002 3421.005606 3416.977823 3412.985364 3409.027919 3405.105240 3401.217016 3397.362961 3393.542817 3389.756242 3386.003194 3382.283226 3378.595994 3374.941375 3371.319163 3367.729041 3364.170707 3360.643974 3357.148634 3353.684409 3350.251066 3346.848381 3343.475421 3340.134084 3336.822018 3333.539732 3330.286985 3327.063563 3323.869293 3320.703938 3317.567285 3314.459148 3311.379349 3308.327616 3305.303833 3302.307782 3299.339264 3296.398093 3293.484107 3290.597103 3287.736895 3284.903333 3282.096214 3279.315374 3276.560644 3273.831871 3271.128905 3268.451465 3265.799530 3263.172873 3260.571349 3257.994809 3255.443085 3252.916034 3250.413502 3247.935357 3245.481420 3243.051580 3240.645665 3238.263580 3235.905144 3233.570228 3231.258722 3228.970454 3226.705322 3224.463190 3222.243921 3220.047402 3217.873489 3215.722093 3213.592997 3211.486289 3209.401652 3207.339028 3205.298344 3203.279400 3201.282161 3199.306495 3197.352281 3195.419439 3193.507825 3191.617372 3189.747948 3187.899447 3186.071824 3184.264919 3182.478660 3180.712947 3178.967681 3177.242778 3175.538135 3173.618120 3172.189019 3170.544897 3168.920447 3167.315782 3165.730885 3164.165624 3162.619951 3161.093763 3159.586994 3158.099556 3156.631379 3155.182376 3153.752494 3152.341632 3150.949736 3149.576726 3148.222565 3146.887073 3145.570327 3144.272176 3142.992574 3141.731456 3140.488742 3139.264396 3138.058336 3136.870509 3135.700874 3134.549313 3133.415823 3132.300340 3131.202784 3130.123127 3129.061300 3128.017298 3126.990936 3125.982292 3124.991288 3124.017846 3123.061937 3122.123514 3121.202531 3120.298936 3119.412686 3118.543743 3117.692059 3116.857582 3116.040296 3115.240147 3114.457099 3113.691109 3112.942139 3112.210156 3111.495159 3110.797030 3110.115789 3109.451401 3108.803833 3108.173053 3107.559031 3106.961730 3106.381133 3105.817197 3105.269907 3104.739232 3104.225149 3103.727631 3103.246652 3102.782194 3102.334227 3101.902741 3101.487706 3101.089105 3100.706913 3100.341126 3099.991719 3099.658671 3099.341970 3099.041597 3098.757545 3098.489796 3098.238339 3098.003156 3097.784250 3097.581599 3097.395193 3097.225022 3097.071090 3096.933377 3096.811881 3096.706593 3096.617518 3096.544637 3096.487959 3096.447480 3096.423187 1548.207546 
 >
 log_likelihood: -22824637.313596 
 distance: 1653.482070 
 breakpoints: 9 29 30 
 thetas: 998412.339013 500717.984255 162117.676110 817017.944527 
 se_thetas: 358.451450 139.066121 11936.902532 1894.536645 
 residues: -31.306944 191.063240 -5.877816 9.873188 -152.617389 -12.168869 88.198464 -164.644667 -78.620305 -395.106698 233.507951 -312.937170 157.914286 82.200065 -17.348150 20.057327 -248.984924 -34.566052 78.610467 172.381398 -48.337694 2.565932 -129.771592 -11.569301 55.068454 107.514473 32.901652 -41.656256 -6.888825 92.771696 61.303612 -127.811973 -105.515985 24.890832 144.799127 157.334008 165.390774 20.665316 24.679502 -38.196737 -103.728038 22.204767 -79.384458 -34.573487 70.477791 115.535979 160.304325 218.424650 77.488226 98.036803 -165.423329 -134.435220 -87.569605 107.569313 -12.651456 58.108879 -18.832725 -134.181379 51.337992 -14.017909 90.990807 -8.411698 145.984931 -40.622461 224.951170 8.879331 124.325357 -13.557001 60.376869 -64.736389 -95.768047 -69.596331 82.893594 -19.189393 1.257574 -150.667862 9.126703 150.729040 25.222466 39.686041 -42.804985 100.820906 69.631851 11.692712 40.065431 -38.191629 -125.021724 -15.371260 -175.189122 -25.426446 123.964132 32.026809 10.804580 42.338544 52.667944 -56.169512 87.862223 63.797848 -107.329471 -113.487787 37.353495 -13.776142 -168.848467 -119.836234 105.286714 -7.454444 -44.035509 -6.433089 -30.624774 -104.588773 20.695549 69.248590 -198.909947 -18.762587 -6.289978 -107.475030 -16.300939 20.248566 -18.810621 36.536581 -120.695072 123.508523 24.161195 31.276563 -69.132472 -15.054467 -92.476146 -69.386214 -102.773284 86.373635 -85.934859 -26.688363 30.123126 20.509388 167.479663 6.043525 30.209454 -84.013741 113.382312 -79.594285 57.064421 90.366107 72.318274 -48.072173 81.202790 -85.850878 -47.226224 -24.916706 -22.916046 61.781952 26.183279 -32.706263 -10.880949 100.664748 -28.063829 -35.061371 -17.322841 68.156944 82.382639 -81.640953 -37.909158 -97.417537 70.838344 -47.137264 -26.340133 -90.766218 -88.411402 101.727898 -43.344248 14.375813 33.891653 30.206847 96.324784 -30.751070 -25.017500 -16.471226 -5.109156 31.071818 -49.925315 -32.097622 -113.442138 -63.956191 -103.636907 0.518272 -80.487912 -25.652967 37.025708 -152.449497 3.923882 44.148157 66.225665 -21.841345 -137.050638 -15.400052 13.112517 -2.510838 112.731915 -39.157207 11.823716 7.676426 84.403373 -76.994155 -90.514212 95.845001 -34.914800 -26.791891 79.215381 25.108633 97.889540 -55.440518 -80.879804 83.573082 -16.080252 69.161511 28.299859 20.336194 -74.728143 65.108222 22.846601 -92.511690 66.034529 -6.513276 18.845959 -103.886540 55.290440 49.378015 23.377368 121.289610 -9.884145 21.857187 44.514641 52.089264 -74.417865 -13.005783 -36.673481 -32.420014 -87.244420 20.854304 -129.122930 -58.175344 43.698095 15.498216 142.225914 15.882080 103.467348 -119.017264 -12.571020 -28.193081 38.117292 129.360870 -38.461588 40.650654 -76.301622 7.682252 -55.397013 -72.538715 8.257817 -9.006664 -12.331575 20.283743 38.839955 7.337676 -20.222429 3.160213 58.486236 -12.243838 16.970655 20.130275 -16.764422 68.287126 31.285559 -50.768892 -28.875343 -22.033407 15.757446 111.497739 -43.812134 -39.171527 -27.580026 -9.037135 -49.542403 75.904656 37.304487 24.657585 41.964335 71.225199 -17.559382 -34.388993 -92.262925 145.818323 109.856224 -32.149366 9.802069 171.710935 36.577582 68.402379 27.185754 -28.072006 6.629521 -16.709286 15.911884 59.493366 5.035571 -16.461265 63.003255 -89.570500 70.817746 -94.831718 14.481523 -14.242375 42.997037 -24.800004 47.366819 -30.502193 -1.406762 -0.346606 -7.321421 -26.330966 -40.374938 -45.453057 59.434929 -80.710645 -122.889745 50.898071 9.653140 -57.624421 -90.934412 -0.276525 14.349538 83.943957 58.506934 -40.961260 -3.460397 -27.990260 -37.549922 20.858712 -56.762010 13.587396 -80.092836 -97.802496 -44.541419 78.690627 -59.106149 -120.931570 -18.785461 -29.667557 -61.577747 -38.515819 44.518420 -42.474850 43.504530 17.456755 72.382007 -45.719569 7.152222 18.997541 18.816552 44.609402 -7.623765 57.117327 94.832696 46.522562 22.187066 68.826352 54.440581 -58.970107 63.594438 4.134341 107.649777 68.140852 -42.392265 13.050513 75.469366 14.864416 68.235769 23.583593 117.907985 80.209076 85.487000 -37.258135 3.973810 -42.817080 11.369409 -19.466817 -73.325445 62.793579 -30.109674 -153.035012 -64.982401 10.048287 6.057168 73.044316 88.009876 -84.046093 -13.123461 37.777874 -29.342047 6.516931 14.354879 -17.828107 -95.031933 79.743481 54.498235 -2.532117 -8.053638 15.639376 -31.687694 51.965033 4.597572 32.210052 16.802517 38.375068 -23.072233 78.460699 79.973931 -20.532453 2.941597 -47.603821 49.831344 -1.752831 -73.356311 45.021079 -104.620739 58.718384 -57.961511 -44.660360 -25.378087 -125.114656 -113.869991 -47.644040 -37.436764 3.751953 12.922110 8.073769 -22.792992 -48.678147 -79.581630 -40.503438 -88.443387 -32.401560 -32.377878 23.627733 89.615301 -40.415132 -23.463518 28.470192 -15.613963 3.284056 83.164293 21.026798 -65.128412 -45.301289 -56.491794 -120.699889 -29.925538 -59.168707 14.570602 62.292506 57.996983 12.684066 74.353787 -32.993823 46.641265 40.259086 38.859656 34.443015 -38.990820 -23.441821 -12.909966 30.604771 -21.897585 -21.417018 -67.953498 -30.507016 17.922457 30.334937 8.730448 -9.891007 73.470597 27.815279 20.143052 4.453933 7.747929 3.025056 -95.714673 -1.471243 146.755344 43.965108 124.158060 62.334210 -114.506448 -12.363894 114.761875 3.870867 -59.036925 -52.961479 -71.902806 -125.860902 70.164245 -35.413687 
 fitted_sfs: 668121.306944 279548.936760 174613.877816 128291.126812 102134.617389 85151.168869 73149.801536 64186.644667 57226.620305 51662.106698 47110.492049 43317.937170 40109.085714 37358.799935 34975.348150 32889.942673 31049.984924 29414.566052 27951.389533 26634.618602 25443.337694 24360.434068 23371.771592 22465.569301 21631.931546 20862.485527 20150.098348 19488.656256 18872.888825 18298.228304 17760.696388 17256.811973 16783.515985 16338.109168 15918.200873 15521.665992 15146.609226 14791.334684 14454.320498 14134.196737 13829.728038 13539.795233 13263.384458 12999.573487 12747.522209 12506.464021 12275.695675 12054.575350 11842.511774 11638.963197 11443.423329 11255.435220 11074.569605 10900.430687 10732.651456 10570.891121 10414.832725 10264.181379 10118.662008 9978.017909 9842.009193 9710.411698 9583.015069 9459.622461 9340.048830 9224.120669 9111.674643 9002.557001 8896.623131 8793.736389 8693.768047 8596.596331 8502.106406 8410.189393 8320.742426 8233.667862 8148.873297 8066.270960 7985.777534 7907.313959 7830.804985 7756.179094 7683.368149 7612.307288 7542.934569 7475.191629 7409.021724 7344.371260 7281.189122 7219.426446 7159.035868 7099.973191 7042.195420 6985.661456 6930.332056 6876.169512 6823.137777 6771.202152 6720.329471 6670.487787 6621.646505 6573.776142 6526.848467 6480.836234 6435.713286 6391.454444 6348.035509 6305.433089 6263.624774 6222.588773 6182.304451 6142.751410 6103.909947 6065.762587 6028.289978 5991.475030 5955.300939 5919.751434 5884.810621 5850.463419 5816.695072 5783.491477 5750.838805 5718.723437 5687.132472 5656.054467 5625.476146 5595.386214 5565.773284 5536.626365 5507.934859 5479.688363 5451.876874 5424.490612 5397.520337 5370.956475 5344.790546 5319.013741 5293.617688 5268.594285 5243.935579 5219.633893 5195.681726 5172.072173 5148.797210 5125.850878 5103.226224 5080.916706 5058.916046 5037.218048 5015.816721 4994.706263 4973.880949 4953.335252 4933.063829 4913.061371 4893.322841 4873.843056 4854.617361 4835.640953 4816.909158 4798.417537 4780.161656 4762.137264 4744.340133 4726.766218 4709.411402 4692.272102 4675.344248 4658.624187 4642.108347 4625.793153 4609.675216 4593.751070 4578.017500 4562.471226 4547.109156 4531.928182 4516.925315 4502.097622 4487.442138 4472.956191 4458.636907 4444.481728 4430.487912 4416.652967 4402.974292 4389.449497 4376.076118 4362.851843 4349.774335 4336.841345 4324.050638 4311.400052 4298.887483 4286.510838 4274.268085 4262.157207 4250.176284 4238.323574 4226.596627 4214.994155 4203.514212 4192.154999 4180.914800 4169.791891 4158.784619 4147.891367 4137.110460 4126.440518 4115.879804 4105.426918 4095.080252 4084.838489 4074.700141 4064.663806 4054.728143 4044.891778 4035.153399 4025.511690 4015.965471 4006.513276 3997.154041 3987.886540 3978.709560 3969.621985 3960.622632 3951.710390 3942.884145 3934.142813 3925.485359 3916.910736 3908.417865 3900.005783 3891.673481 3883.420014 3875.244420 3867.145696 3859.122930 3851.175344 3843.301905 3835.501784 3827.774086 3820.117920 3812.532652 3805.017264 3797.571020 3790.193081 3782.882708 3775.639130 3768.461588 3761.349346 3754.301622 3747.317748 3740.397013 3733.538715 3726.742183 3720.006664 3713.331575 3706.716257 3700.160045 3693.662324 3687.222429 3680.839787 3674.513764 3668.243838 3662.029345 3655.869725 3649.764422 3643.712874 3637.714441 3631.768892 3625.875343 3620.033407 3614.242554 3608.502261 3602.812134 3597.171527 3591.580026 3586.037135 3580.542403 3575.095344 3569.695513 3564.342415 3559.035665 3553.774801 3548.559382 3543.388993 3538.262925 3533.181677 3528.143776 3523.149366 3518.197931 3513.289065 3508.422418 3503.597621 3498.814246 3494.072006 3489.370479 3484.709286 3480.088116 3475.506634 3470.964429 3466.461265 3461.996745 3457.570500 3453.182254 3448.831718 3444.518477 3440.242375 3436.002963 3431.800004 3427.633181 3423.502193 3419.406762 3415.346606 3411.321421 3407.330966 3403.374938 3399.453057 3395.565071 3391.710645 3387.889745 3384.101929 3380.346860 3376.624421 3372.934412 3369.276525 3365.650462 3362.056043 3358.493066 3354.961260 3351.460397 3347.990260 3344.549922 3341.141288 3337.762010 3334.412604 3331.092836 3327.802496 3324.541419 3321.309373 3318.106149 3314.931570 3311.785461 3308.667557 3305.577747 3302.515819 3299.481580 3296.474850 3293.495470 3290.543245 3287.617993 3284.719569 3281.847778 3279.002459 3276.183448 3273.390598 3270.623765 3267.882673 3265.167304 3262.477438 3259.812934 3257.173648 3254.559419 3251.970107 3249.405562 3246.865659 3244.350223 3241.859148 3239.392265 3236.949487 3234.530634 3232.135584 3229.764231 3227.416407 3225.092015 3222.790924 3220.513000 3218.258135 3216.026190 3213.817080 3211.630591 3209.466817 3207.325445 3205.206421 3203.109674 3201.035012 3198.982401 3196.951713 3194.942832 3192.955684 3190.990124 3189.046093 3187.123461 3185.222126 3183.342047 3181.483069 3179.645121 3177.828107 3176.031933 3174.256519 3172.501765 3170.532117 3169.053638 3167.360624 3165.687694 3164.034967 3162.402428 3160.789948 3159.197483 3157.624932 3156.072233 3154.539301 3153.026069 3151.532453 3150.058403 3148.603821 3147.168656 3145.752831 3144.356311 3142.978921 3141.620739 3140.281616 3138.961511 3137.660360 3136.378087 3135.114656 3133.869991 3132.644040 3131.436764 3130.248047 3129.077890 3127.926231 3126.792992 3125.678147 3124.581630 3123.503438 3122.443387 3121.401560 3120.377878 3119.372267 3118.384699 3117.415132 3116.463518 3115.529808 3114.613963 3113.715944 3112.835707 3111.973202 3111.128412 3110.301289 3109.491794 3108.699889 3107.925538 3107.168707 3106.429398 3105.707494 3105.003017 3104.315934 3103.646213 3102.993823 3102.358735 3101.740914 3101.140344 3100.556985 3099.990820 3099.441821 3098.909966 3098.395229 3097.897585 3097.417018 3096.953498 3096.507016 3096.077543 3095.665063 3095.269552 3094.891007 3094.529403 3094.184721 3093.856948 3093.546067 3093.252071 3092.974944 3092.714673 3092.471243 3092.244656 3092.034892 3091.841940 3091.665790 3091.506448 3091.363894 3091.238125 3091.129133 3091.036925 3090.961479 3090.902806 3090.860902 3090.835755 1545.413687 
