0.0001
0.000133
0.000178
0.000237
0.000316
0.000421
0.000562
0.000749
0.000999
0.001332
0.001776
0.002368
0.003157
0.004209
0.005612
0.007483
0.009977
0.013303
0.017738
0.02365
0.031534
0.042045
0.05606
0.074747
0.099662
0.132883
0.177177
0.236236
0.314981
0.419975
0.559967
0.746622
0.995496
1.327328
2.0
>
-24280766.218443 252838.398924 48561532.436886
 1783465.748674  
>
-24090898.876889 19686.409869 48181801.753778
29.0 1943841.584247 951707.021757  
>
-24090395.865685 5022.370598 48180799.73137
17.0 28.0 1812177.967591 2027972.275368 1009900.355629  
>
-24090357.905564 1748.245474 48180727.811128
7.0 28.0 29.0 140819.395463 2001116.658645 1234114.002468 996832.639115  
