0.000100
0.000133
0.000178
0.000237
0.000316
0.000421
0.000562
0.000749
0.000999
0.001332
0.001776
0.002368
0.003157
0.004209
0.005612
0.007483
0.009977
0.013303
0.017738
0.023650
0.031534
0.042045
0.056060
0.074747
0.099662
0.132883
0.177177
0.236236
0.314981
0.419975
0.559967
0.746622
0.995496
1.327328
2.000000
 >
 log_likelihood: -24280766.218443 
 distance: 252838.398924 
 breakpoints: 
 thetas: 1783465.748674 
 se_thetas: 27397.830583 
 residues: 90740.445787 34481.495570 -204.827719 -15453.205387 -24701.473391 -30318.331331 -34288.872298 -35825.715860 -37580.385672 -38023.860969 -39348.190866 -38859.801973 -39500.279212 -39433.384455 -39342.666560 -39020.344345 -38911.289073 -38109.012822 -38672.714005 -37691.609298 -37394.456251 -37201.570428 -36867.881882 -36049.727456 -35526.173292 -35735.724990 -35033.324614 -34691.562921 -34111.054737 -34144.970480 -33716.482873 -33530.742110 -33134.308636 -32622.083294 -32671.098836 -32548.367622 -32144.757128 -32431.885764 -32102.034422 -31492.072845 -31453.397667 -31271.879675 -30999.820447 -30886.915126 -31209.222150 -30830.137984 -30880.376917 -30868.954692 -30692.176813 -15461.314964 
 fitted_sfs: 1801480.554213 909931.504430 612874.827719 464444.205387 375466.473391 316217.331331 273957.872298 242318.715860 217761.385672 198162.860969 182172.190866 168888.801973 157689.279212 148128.384455 139879.666560 132698.344345 126397.289073 120831.012822 115884.714005 111466.609298 107502.456251 103931.570428 100703.881882 97777.727456 95118.173292 92695.724990 90485.324614 88465.562921 86618.054737 84926.970480 83378.482873 81960.742110 80663.308636 79477.083294 78394.098836 77407.367622 76510.757128 75698.885764 74967.034422 74311.072845 73727.397667 73212.879675 72764.820447 72380.915126 72059.222150 71798.137984 71596.376917 71452.954692 71367.176813 35669.314964 
 >
 log_likelihood: -24090898.876889 
 distance: 19686.409869 
 breakpoints: 29 
 thetas: 1943841.584247 951707.021757 
 se_thetas: 2813.154426 9620.610407 
 residues: -7966.672342 14772.506986 5663.426103 2664.411168 355.493833 -959.992383 -2122.470186 -1772.633974 -2244.621916 -1819.285553 -2567.948942 -1716.788939 -2152.039946 -1998.112198 -1909.861639 -1658.135598 -1671.595905 -1031.267815 -1786.600815 -1019.111360 -951.413272 -998.877049 -912.421960 -345.110127 -73.318465 -533.333149 -78.256675 20.850480 364.650415 101.038167 307.744541 280.362955 472.967470 791.188731 558.441032 508.088134 749.578798 311.560187 501.974135 984.137269 906.808427 984.246030 1164.255245 1197.228478 807.178284 1130.764843 1037.317928 1017.854698 1176.092404 469.728881 
 fitted_sfs: 1900187.672342 929640.493014 607006.573897 446326.588832 350409.506167 286858.992383 241791.470186 208265.633974 182425.621916 161958.285553 145391.948942 131745.788939 120341.039946 110693.112198 102446.861639 95336.135598 89157.595905 83753.267815 78998.600815 74794.111360 71059.413272 67728.877049 64748.421960 62073.110127 59665.318465 57493.333149 55530.256675 53753.149520 52142.349585 50680.961833 49354.255459 48149.637045 47056.032530 46063.811269 45164.558968 44350.911866 43616.421202 42955.439813 42363.025865 41834.862731 41367.191573 40956.753970 40600.744755 40296.771522 40042.821716 39837.235157 39678.682072 39566.145302 39498.907596 19738.271119 
 >
 log_likelihood: -24090395.865685 
 distance: 5022.370598 
 breakpoints: 17 28 
 thetas: 1812177.967591 2027972.275368 1009900.355629 
 se_thetas: 4092.808341 1981.058671 2486.844934 
 residues: -416.767817 3130.411475 -2390.889994 -1411.081727 -984.330025 -557.420480 -637.277687 367.087800 268.614607 879.543498 188.736792 1010.000032 484.369628 506.472297 435.000010 508.896630 306.659863 752.542919 -198.993162 373.436205 249.364025 14.997391 -79.438504 313.807012 418.914742 -200.040379 104.048661 60.214290 269.122261 -121.394126 -33.725249 -172.422422 -83.591154 138.204576 -183.825584 -316.526986 -150.659765 -657.781647 -530.148676 -104.632597 -232.651415 -200.110431 -59.353710 -60.122569 -478.521788 -177.991472 -289.284543 -321.448564 -170.812709 -204.989096 
 fitted_sfs: 1892637.767817 941282.588525 615060.889994 450402.081727 351749.330025 286456.420480 240306.277687 206125.912200 179912.385393 159259.456502 142635.263208 129018.999968 117704.630372 108188.527703 100101.999990 93169.103370 87179.340137 81969.457081 77410.993162 73401.563795 69858.635975 66715.002609 63915.438504 61414.192988 59173.085258 57160.040379 55347.951339 53713.785710 52237.877739 50903.394126 49695.725249 48602.422422 47612.591154 46716.795424 45906.825584 45175.526986 44516.659765 43924.781647 43395.148676 42923.632597 42506.651415 42141.110431 41824.353710 41554.122569 41328.521788 41145.991472 41005.284543 40905.448564 40845.812709 20412.989096 
 >
 log_likelihood: -24090357.905564 
 distance: 1748.245474 
 breakpoints: 7 28 29 
 thetas: 140819.395463 2001116.658645 1234114.002468 996832.639115 
 se_thetas: 23709.511270 839.740161 15803.765696 1724.163182 
 residues: -4.407811 338.582970 -727.719539 251.875627 66.871793 -38.531160 -497.919197 250.614804 -15.284086 489.945820 -263.318003 526.065185 -9.645947 17.983016 -36.804011 61.690493 -110.437072 369.271009 -546.077480 63.876495 -22.113821 -218.434447 -275.310195 154.670018 295.433137 -289.132761 47.944954 35.605455 274.453354 -87.701730 26.697242 -86.865984 25.501530 269.254380 -32.372247 -146.194232 37.060435 -454.132146 -311.993904 126.637075 10.375379 53.346410 203.234744 210.325001 -201.464525 104.445953 -2.679916 -31.876767 120.535608 -59.019168 
 fitted_sfs: 1892225.407811 944074.417030 613397.719539 448739.124373 350698.128207 285937.531160 240166.919197 206242.385196 180196.284086 159649.054180 143087.318003 129502.934815 118198.645947 108677.016984 100573.804011 93616.309507 87596.437072 82352.728991 77758.077480 73711.123505 70130.113821 66948.434447 64111.310195 61573.329982 59296.566863 57249.132761 55404.055046 53738.394545 52232.546646 50869.701730 49635.302758 48516.865984 47503.498470 46585.745620 45755.372247 45005.194232 44328.939565 43721.132146 43176.993904 42692.362925 42263.624621 41887.653590 41561.765256 41283.674999 41051.464525 40863.554047 40718.679916 40615.876767 40554.464392 20267.019168 
