0.0001
0.000133
0.000178
0.000237
0.000316
0.000421
0.000562
0.000749
0.000999
0.001332
0.001776
0.002368
0.003157
0.004209
0.005612
0.007483
0.009977
0.013303
0.017738
0.02365
0.031534
0.042045
0.05606
0.074747
0.099662
0.132883
0.177177
0.236236
0.314981
0.419975
0.559967
0.746622
0.995496
1.327328
2.0
>
-8268011.029381 28066.242891 16536022.058762
 1974450.430541  
>
-8267741.829233 909.420674 16535487.658466
15.0 365894.822621 1998658.292037  
>
-8267741.248772 70.915491 16535490.497544
23.0 34.0 1735755.268365 2029129.378651 1939511.573409  
>
-8267741.243902 20.612013 16535494.487804
13.0 32.0 33.0 274781.075676 1939051.582634 6539669.912845 789333.968997  
