0.000100
0.000133
0.000178
0.000237
0.000316
0.000421
0.000562
0.000749
0.000999
0.001332
0.001776
0.002368
0.003157
0.004209
0.005612
0.007483
0.009977
0.013303
0.017738
0.023650
0.031534
0.042045
0.056060
0.074747
0.099662
0.132883
0.177177
0.236236
0.314981
0.419975
0.559967
0.746622
0.995496
1.327328
2.000000
 >
 log_likelihood: -8268011.029381 
 distance: 28066.242891 
 breakpoints: 
 thetas: 1974450.430541 
 se_thetas: 9764.167726 
 residues: -17788.811712 14417.480912 12211.509266 9750.320608 4383.913892 
 fitted_sfs: 2193833.811712 1234031.519088 940214.490734 822687.679392 394890.086108 
 >
 log_likelihood: -8267741.829233 
 distance: 909.420674 
 breakpoints: 15 
 thetas: 365894.822621 1998658.292037 
 se_thetas: 30110.368704 582.044090 
 residues: 1.853272 -160.029039 692.078722 -336.170330 -457.656834 
 fitted_sfs: 2176043.146728 1248609.029039 951733.921278 832774.170330 399731.656834 
 >
 log_likelihood: -8267741.248772 
 distance: 70.915491 
 breakpoints: 23 34 
 thetas: 1735755.268365 2029129.378651 1939511.573409 
 se_thetas: 911.570206 459.350520 1057.151765 
 residues: 0.151556 -1.198719 -5.987323 37.098206 -60.128379 
 fitted_sfs: 2176044.848444 1248450.198719 952431.987323 832400.901794 399334.128379 
 >
 log_likelihood: -8267741.243902 
 distance: 20.612013 
 breakpoints: 13 32 33 
 thetas: 274781.075676 1939051.582634 6539669.912845 789333.968997 
 se_thetas: 24617.621985 1274.564464 97578.694940 25993.690751 
 residues: -0.003600 0.552122 -4.179966 11.810645 -16.358079 
 fitted_sfs: 2176045.003600 1248448.447878 952430.179966 832426.189355 399290.358079 
