0.0001
0.000133
0.000178
0.000237
0.000316
0.000421
0.000562
0.000749
0.000999
0.001332
0.001776
0.002368
0.003157
0.004209
0.005612
0.007483
0.009977
0.013303
0.017738
0.02365
0.031534
0.042045
0.05606
0.074747
0.099662
0.132883
0.177177
0.236236
0.314981
0.419975
0.559967
0.746622
0.995496
1.327328
2.0
>
-69564944.258871 297600.275693 139129888.517742
 1307395.874142  
>
-69334699.048173 3441.368168 138669402.096346
17.0 998109.474562 1998618.708338  
>
-69334697.909026 3304.203034 138669403.818052
7.0 17.0 1008197.350359 994769.085681 1999983.673301  
>
-69334696.724236 3277.290237 138669405.448472
11.0 17.0 34.0 1002837.164127 992077.267184 2000895.227480 1993295.628405  
