0.000100
0.000133
0.000178
0.000237
0.000316
0.000421
0.000562
0.000749
0.000999
0.001332
0.001776
0.002368
0.003157
0.004209
0.005612
0.007483
0.009977
0.013303
0.017738
0.023650
0.031534
0.042045
0.056060
0.074747
0.099662
0.132883
0.177177
0.236236
0.314981
0.419975
0.559967
0.746622
0.995496
1.327328
2.000000
 >
 log_likelihood: -69564944.258871 
 distance: 297600.275693 
 breakpoints: 
 thetas: 1307395.874142 
 se_thetas: 10343.634078 
 residues: -141685.578713 -1315.952984 36931.045431 52183.384996 58929.859475 60016.400036 59582.548685 58624.576337 55359.522469 53981.810687 51468.892446 49385.068636 46805.470758 45110.621110 42716.969517 40745.103537 38456.354476 36712.535501 34917.973330 34607.128891 32816.613575 31380.109458 29932.527199 29032.626807 28052.246221 26736.247736 26168.255466 25119.232730 23970.940951 24002.306756 23084.717788 22309.263345 21689.930896 21299.768303 20492.017808 20120.228184 19568.348251 19167.806029 18410.575278 17841.232704 17534.004874 16940.812975 16421.304890 16514.888486 16443.757415 15852.913985 15626.192567 15204.270975 14778.692474 14296.873964 14518.130421 14198.662060 13884.587426 13041.940018 13356.678171 13143.691767 13208.808347 12566.798105 12251.379257 12052.222096 11951.952984 12122.157549 11852.384793 11526.148935 11477.932955 11302.190145 11173.346979 10992.804877 10912.941693 10971.114077 10643.658306 10366.892228 10134.115934 9948.613618 9981.654054 9912.492114 9792.369219 9342.514545 9686.145655 9464.469111 9662.681404 9297.969357 8754.510878 9049.475365 8968.024414 8936.311198 9077.483238 8937.680605 8383.036982 8612.680138 8339.733076 8166.312003 8160.529040 8433.491454 8232.301830 7498.058609 7820.856040 7798.784680 7838.931261 7526.379187 7617.208443 7545.495996 7433.315683 7442.738632 7016.833200 7472.665171 7187.297825 7026.792211 7026.206981 7131.598906 6943.022230 7089.529915 7027.173083 6778.999050 6709.056742 6624.391308 6589.046746 6509.065610 6736.489250 6652.357262 6507.708164 6423.578989 6235.005808 6295.023839 6308.666802 6415.965976 6274.954524 6390.662526 6322.119709 6149.354820 6158.395662 6106.269354 6154.002089 5981.619376 6102.145644 5856.605391 5919.021341 5679.416305 5600.812202 5662.230285 5784.691307 5516.215371 5743.822069 5447.529941 5524.358728 5479.325218 5426.447255 5606.741908 5440.225673 5268.914718 5248.824728 5124.970939 5148.368281 5275.031236 5241.973856 5422.209968 5173.752868 5276.615876 5332.811454 5041.352098 4922.249984 5007.516828 5041.164197 5175.203276 4832.645087 4872.500275 4983.779458 4893.492425 4934.649485 4914.260282 5056.334242 4967.880686 4816.908581 5056.426891 5003.444153 4680.968888 4669.009280 4589.573435 4828.669217 4567.304326 4888.486425 4738.222703 4603.520536 4451.386808 4479.828570 4599.852464 4628.465210 4589.673179 4680.482767 4331.900109 4509.931306 4325.582279 4238.858872 4638.766770 4289.311525 4297.498618 4354.333395 4419.821127 4563.966904 4258.775535 4445.252702 4436.402518 4363.229913 4306.739571 4402.936029 4326.823783 4248.407199 4193.690552 4201.678148 4254.373870 4069.782029 4266.906454 4078.751212 4139.319948 4102.616502 4008.644558 4008.407694 4029.909490 4042.153419 3911.142922 3917.881235 3948.371936 3864.618047 3899.622775 4012.389275 3785.920555 4028.219679 4043.289592 3807.133215 3916.753405 3951.152931 3909.334554 3812.301048 3883.055017 3819.599101 3855.935833 3949.067745 3862.997404 3657.727236 3754.259469 3865.596647 3651.741027 3781.694931 3736.460658 3925.040153 3636.435844 3918.649774 3674.684098 3641.540832 3760.222008 3774.729632 3860.065659 3529.232094 3659.230771 3504.063570 3565.732341 3626.238882 3625.585081 3682.772592 3647.803150 3631.678491 3571.400267 3525.970185 3564.389816 3333.660803 3383.784624 3562.762938 3578.597249 3432.289048 3551.839822 3582.251148 3602.524055 3399.660422 3639.661458 3383.528558 3492.263090 3361.866246 3516.339539 3714.684168 3518.901428 3463.992547 3282.958791 3538.801361 3452.521516 3488.120360 3451.599092 3401.958874 2998.200825 3390.326442 3325.335630 3266.230873 3350.012523 3345.681794 3348.239746 3283.687359 3338.025632 3255.255631 3328.378234 3355.394484 3180.305364 3208.111765 3278.814595 3278.414861 3282.913331 3234.310979 3232.608736 3311.807406 3253.907803 3209.910900 3207.817326 3177.628088 3153.343907 3393.965607 3290.493983 3262.929796 3344.273809 3091.526800 3295.689471 3195.762592 3212.746902 3286.643094 3017.451971 3296.173933 3087.809910 2976.360690 3160.826769 3174.208746 3030.507361 3191.723330 3101.857216 3133.909603 3137.881164 3086.772508 2998.584228 3145.317843 3187.971160 3073.547547 3305.046625 2897.468987 3085.815193 3166.085743 3080.281217 3058.402163 2993.449084 3058.422477 3109.322953 2898.150917 3171.906905 2935.591423 3001.204959 3108.747966 2937.220946 3185.624377 2971.958688 2914.224371 3001.421865 3005.551617 2828.614045 2953.609560 2858.538746 3060.401842 2976.199352 3082.931672 3100.599200 2992.202355 3037.741523 2984.217102 3012.629456 2804.979009 2803.266093 2893.491122 3098.654399 2916.756344 2836.797303 2975.777595 2902.697620 2878.557682 3095.358126 2986.099302 3076.781519 2855.405129 3023.970408 2890.477800 2968.927343 3019.319607 2777.654819 2959.933227 3023.155236 2940.321042 3164.430960 3118.485290 2978.484275 2999.428245 2852.317421 3025.152111 3095.932587 2859.659038 2904.331801 2892.951099 2841.517189 2788.030322 2940.490729 2949.898667 2800.563284 2896.558407 2940.809979 2971.010316 2884.159380 2767.257304 2677.304369 2860.300745 2964.246674 2787.142344 2929.987973 3000.783753 2904.529898 2796.226575 2800.874013 2826.472376 2815.021863 2781.522616 2736.974958 2766.378878 2832.734663 2907.042457 2835.302433 2775.514776 2640.679618 2784.797145 2674.867507 2799.890834 2762.867360 2813.797163 2856.680399 2864.517248 2707.307818 2723.052268 2934.750675 2792.403349 2834.010253 2685.571555 2810.087422 2747.557954 2892.983273 2699.363501 2735.698765 2866.989179 2786.234850 2943.435896 2758.592438 2689.704554 2943.772362 2780.795964 2829.775465 2809.710961 2677.602547 2767.450267 2793.254322 2917.014731 2752.731581 2784.404958 2719.034945 2681.621622 2768.165073 2817.665361 2704.122576 2904.536776 2665.908033 2836.236413 2671.521982 2861.764805 2786.964936 2672.122443 2821.237367 2570.309776 2760.339716 2806.327245 2943.272393 2742.175214 2767.035758 2724.854063 2759.630170 2690.364111 2799.055923 2719.705641 2653.313300 2739.878915 2995.402524 2779.884157 2657.323836 2756.721567 2745.077385 2711.391302 2785.663337 2778.893490 2464.081791 2516.228234 2674.332826 2541.395587 1309.208253 
 fitted_sfs: 1308704.578713 655007.952984 437109.954569 328161.615004 262793.140525 219214.599964 188087.451315 164742.423663 146585.477531 132060.189313 120176.107554 110272.931364 101893.529242 94711.378890 88487.030483 83040.896463 78235.645524 73964.464499 70143.026670 66703.871109 63592.386425 60763.890542 58181.472801 55814.373193 53636.753779 51626.752264 49765.744534 48037.767270 46429.059049 44927.693244 43523.282212 42206.736655 40970.069104 39806.231697 38708.982192 37672.771816 36692.651749 35764.193971 34883.424722 34046.767296 33250.995126 32493.187025 31770.695110 31081.111514 30422.242585 29792.086015 29188.807433 28610.729025 28056.307526 27524.126036 27012.869579 26521.337940 26048.412574 25593.059982 25154.321829 24731.308233 24323.191653 23929.201895 23548.620743 23180.777904 22825.047016 22480.842451 22147.615207 21824.851065 21512.067045 21208.809855 20914.653021 20629.195123 20352.058307 20082.885923 19821.341694 19567.107772 19319.884066 19079.386382 18845.345946 18617.507886 18395.630781 18179.485455 17968.854345 17763.530889 17563.318596 17368.030643 17177.489122 16991.524635 16809.975586 16632.688802 16459.516762 16290.319395 16124.963018 15963.319862 15805.266924 15650.687997 15499.470960 15351.508546 15206.698170 15064.941391 14926.143960 14790.215320 14657.068739 14526.620813 14398.791557 14273.504004 14150.684317 14030.261368 13912.166800 13796.334829 13682.702175 13571.207789 13461.793019 13354.401094 13248.977770 13145.470085 13043.826917 12944.000950 12845.943258 12749.608692 12654.953254 12561.934390 12470.510750 12380.642738 12292.291836 12205.421011 12119.994192 12035.976161 11953.333198 11872.034024 11792.045476 11713.337474 11635.880291 11559.645180 11484.604338 11410.730646 11337.997911 11266.380624 11195.854356 11126.394609 11057.978659 10990.583695 10924.187798 10858.769715 10794.308693 10730.784629 10668.177931 10606.470059 10545.641272 10485.674782 10426.552745 10368.258092 10310.774327 10254.085282 10198.175272 10143.029061 10088.631719 10034.968764 9982.026144 9929.790032 9878.247132 9827.384124 9777.188546 9727.647902 9678.750016 9630.483172 9582.835803 9535.796724 9489.354913 9443.499725 9398.220542 9353.507575 9309.350515 9265.739718 9222.665758 9180.119314 9138.091419 9096.573109 9055.555847 9015.031112 8974.990720 8935.426565 8896.330783 8857.695674 8819.513575 8781.777297 8744.479464 8707.613192 8671.171430 8635.147536 8599.534790 8564.326821 8529.517233 8495.099891 8461.068694 8427.417721 8394.141128 8361.233230 8328.688475 8296.501382 8264.666605 8233.178873 8202.033096 8171.224465 8140.747298 8110.597482 8080.770087 8051.260429 8022.063971 7993.176217 7964.592801 7936.309448 7908.321852 7880.626130 7853.217971 7826.093546 7799.248788 7772.680052 7746.383498 7720.355442 7694.592306 7669.090510 7643.846581 7618.857078 7594.118765 7569.628064 7545.381953 7521.377225 7497.610725 7474.079445 7450.780321 7427.710408 7404.866785 7382.246595 7359.847069 7337.665446 7315.698952 7293.944983 7272.400899 7251.064167 7229.932255 7209.002596 7188.272764 7167.740531 7147.403353 7127.258973 7107.305069 7087.539342 7067.959847 7048.564156 7029.350226 7010.315902 6991.459168 6972.777992 6954.270368 6935.934341 6917.767906 6899.769229 6881.936430 6864.267659 6846.761118 6829.414919 6812.227408 6795.196850 6778.321509 6761.599733 6745.029815 6728.610184 6712.339197 6696.215376 6680.237062 6664.402751 6648.710952 6633.160178 6617.748852 6602.475945 6587.339578 6572.338542 6557.471442 6542.736910 6528.133754 6513.660461 6499.315832 6485.098572 6471.007453 6457.041209 6443.198639 6429.478484 6415.879640 6402.400908 6389.041126 6375.799175 6362.673558 6349.664370 6336.769127 6323.987477 6311.318206 6298.760254 6286.312641 6273.974368 6261.744369 6249.621766 6237.605516 6225.694636 6213.888235 6202.185405 6190.585139 6179.086669 6167.689021 6156.391264 6145.192594 6134.092197 6123.089100 6112.182674 6101.371912 6090.656093 6080.034393 6069.506017 6059.070204 6048.726191 6038.473200 6028.310529 6018.237408 6008.253098 5998.356906 5988.548029 5978.826067 5969.190090 5959.639310 5950.173231 5940.791254 5931.492639 5922.276670 5913.142784 5904.090397 5895.118836 5886.227492 5877.415772 5868.682157 5860.028840 5851.452453 5842.953375 5834.531013 5826.184807 5817.914257 5809.718783 5801.597837 5793.550916 5785.577523 5777.677047 5769.849083 5762.093095 5754.408577 5746.795041 5739.252034 5731.779054 5724.375623 5717.041312 5709.775629 5702.578135 5695.448383 5688.385955 5681.390440 5674.461254 5667.598158 5660.800648 5654.068328 5647.400800 5640.797645 5634.258477 5627.782898 5621.370544 5615.020991 5608.733907 5602.508878 5596.345601 5590.243656 5584.202697 5578.222405 5572.302380 5566.442318 5560.641874 5554.900698 5549.218481 5543.594871 5538.029592 5532.522200 5527.072657 5521.680393 5516.345181 5511.066773 5505.844764 5500.678958 5495.569040 5490.514710 5485.515725 5480.571755 5475.682579 5470.847889 5466.067413 5461.340962 5456.668199 5452.048901 5447.482811 5442.969678 5438.509271 5434.101333 5429.436716 5425.441593 5421.190021 5416.989684 5412.840620 5408.742696 5404.695631 5400.699255 5396.753326 5392.857656 5389.012027 5385.216247 5381.470102 5377.773425 5374.125987 5370.527624 5366.978137 5363.477384 5360.025042 5356.621122 5353.265337 5349.957543 5346.697567 5343.485224 5340.320382 5337.202855 5334.132493 5331.109166 5328.132640 5325.202837 5322.319601 5319.482752 5316.692182 5313.947732 5311.249325 5308.596651 5305.989747 5303.428445 5300.912578 5298.442046 5296.016727 5293.636499 5291.301235 5289.010821 5286.765150 5284.564104 5282.407562 5280.295446 5278.227638 5276.204036 5274.224535 5272.289039 5270.397453 5268.549733 5266.745678 5264.985269 5263.268419 5261.595042 5259.965055 5258.378378 5256.834927 5255.334639 5253.877424 5252.463224 5251.091967 5249.763587 5248.478018 5247.235195 5246.035064 5244.877557 5243.762633 5242.690224 5241.660284 5240.672755 5239.727607 5238.824786 5237.964242 5237.145937 5236.369830 5235.635889 5234.944077 5234.294359 5233.686700 5233.121085 5232.597476 5232.115843 5231.676164 5231.278433 5230.922615 5230.608698 5230.336663 5230.106510 5229.918209 5229.771766 5229.667174 5229.604413 2614.791747 
 >
 log_likelihood: -69334699.048173 
 distance: 3441.368168 
 breakpoints: 17 
 thetas: 998109.474562 1998618.708338 
 se_thetas: 200.061086 377.684404 
 residues: 345.091007 -106.232099 -1109.632712 -670.062129 400.807113 -63.447471 -8.569777 565.012034 -645.278415 268.844507 122.199497 385.553865 80.756785 559.162571 222.756154 186.693669 -287.592985 -334.860757 -545.426696 621.553748 209.526311 59.091370 -188.067248 33.299664 101.157362 -233.905121 117.049391 -70.112258 -409.120392 383.085092 181.674403 81.193742 98.787336 310.384437 71.857083 239.154474 198.417272 283.075836 -13.065643 -143.756017 -33.235345 -228.177677 -367.646150 88.950534 364.893905 106.187489 197.587428 80.622535 -52.378766 -253.273113 237.924562 178.038515 113.763976 -488.329559 58.214489 68.749661 349.535414 -84.255198 -198.527924 -203.261049 -115.499479 236.650313 143.025787 -12.588102 104.545769 89.119662 115.784801 86.154218 152.805249 353.282598 164.100112 21.743324 -80.329067 -138.682882 18.092720 69.387161 66.569487 -269.010068 185.980999 72.858480 376.922677 115.459183 -327.260098 66.023760 80.557635 142.576226 375.304509 324.956666 -142.262821 172.841469 -16.542986 -108.237966 -34.072217 317.118162 192.490045 -466.806127 -70.626226 -20.831882 89.709556 -153.874463 4.538378 -0.934312 -48.179601 24.911202 -338.557402 178.515151 -46.774371 -148.332697 -91.070099 71.100080 -61.738993 139.493377 130.875056 -64.520358 -82.619344 -116.352510 -101.652537 -132.454354 143.305097 106.686482 8.748643 -29.451683 -172.859416 -68.421017 -11.084945 139.197660 40.476309 197.797400 170.206339 37.747082 86.462191 73.393062 159.579757 25.061222 182.874996 -25.941881 72.645737 -131.327451 -174.827925 -78.823156 77.718544 -157.172082 103.534888 -160.131843 -51.143055 -64.472174 -86.092193 125.022943 -11.101501 -152.440845 -142.971111 -237.668975 -185.511652 -30.477001 -35.543489 172.309964 -48.896234 80.858080 163.592166 -101.674935 -194.924665 -84.139042 -25.300425 133.608325 -184.395990 -120.297057 14.921222 -51.725882 12.777117 15.445015 180.292270 114.333088 -14.418756 247.050348 215.753529 -85.296245 -76.086411 -134.604607 125.161205 -115.777194 225.591813 95.279358 -19.703410 -152.345835 -104.637254 34.432572 81.873829 61.696329 170.909801 -159.476333 36.547228 -130.010451 -199.140460 218.165899 -114.082865 -88.878389 -15.212496 66.922851 227.535469 -61.367119 141.223201 148.313268 90.910473 50.021949 161.654643 100.815407 37.510924 -2.252256 20.532379 87.870952 -82.230142 129.235063 -44.727347 29.888342 7.087934 -73.122937 -59.738774 -24.754124 0.836328 -116.962172 -97.144583 -53.705652 -124.640592 -76.944524 48.387353 -165.640320 88.977101 116.244130 -107.834779 13.744739 59.986946 29.896059 -55.523730 26.731603 -25.333925 22.283588 126.588011 51.583202 -142.727116 -35.339404 86.750085 -116.455148 24.048416 -10.735750 188.195528 -90.154235 202.218154 -31.684050 -54.857729 73.700225 97.992872 193.023213 -128.205743 11.308864 -134.430097 -63.419802 6.342509 14.859648 81.134220 55.168877 47.966246 -3.471127 -40.140676 6.960044 -215.166490 -156.517941 30.908142 55.114080 -82.897840 44.874652 83.433878 111.781723 -83.079295 164.852814 -83.419833 33.104843 -89.571226 72.554119 278.482783 90.216732 42.757865 -130.891906 132.269270 53.243276 96.031859 66.636829 24.059953 -372.697046 26.367830 -31.744649 -84.031756 6.507599 8.875149 18.072499 -39.898816 20.962738 -55.341260 24.190611 57.559889 -111.231942 -77.183484 -0.293330 5.439989 16.017751 -26.558618 -22.287735 62.831677 10.800894 -27.378696 -23.705975 -48.179549 -66.798247 179.439172 81.533916 59.487162 146.300077 -101.026164 108.509543 13.908350 36.171377 115.299702 -148.705523 135.156541 -68.112867 -174.512629 14.958148 33.300427 -105.484729 60.603720 -24.433310 12.405106 21.119955 -25.287832 -108.817339 42.533046 89.762100 -20.127164 215.865401 -187.259318 5.499529 90.142747 8.671192 -8.914309 -69.612965 -0.424000 54.653447 -152.379926 125.476673 -106.775991 -37.137172 74.393846 -93.182191 159.135442 -50.652574 -104.545513 -13.542693 -5.643432 -178.847076 -50.152977 -141.560362 63.931275 -16.677361 93.614347 114.807015 9.901269 58.897708 8.796935 40.599522 -163.693914 -162.082831 -68.566632 139.855197 -38.816746 -115.581926 26.560171 -43.389883 -64.431594 155.435560 49.212102 142.898521 -75.504665 96.002998 -34.577907 46.752889 99.996055 -138.848001 46.221139 112.204011 32.100988 258.912532 215.639088 78.281058 101.838906 -42.686993 132.703804 206.011708 -27.762938 19.380323 10.441855 -38.577953 -89.678721 65.139916 76.878337 -70.227263 28.116226 74.615874 107.036960 22.379626 -92.355858 -180.169109 4.940165 110.972310 -64.072369 80.806449 153.609068 59.335802 -47.013073 -40.437232 -12.936405 -22.510297 -54.158659 -96.881106 -65.677509 2.452486 78.509121 8.492657 -49.596637 -182.758531 -36.992763 -145.299095 -18.677308 -54.127106 -1.648313 42.759303 52.095991 -103.638055 -86.442609 126.682496 -14.262400 28.722776 -118.361747 7.484257 -53.739039 92.968551 -99.392787 -61.822864 70.678495 -8.888541 149.476203 -34.227096 -101.998299 153.162766 -8.743745 41.282323 22.241119 -108.867212 -18.042565 8.715284 133.406415 -29.969038 2.589054 -61.919182 -98.493626 -11.134151 39.159346 -73.613010 127.548879 -110.354877 60.675821 -103.358926 87.540979 13.375623 -100.854897 48.849494 -201.511113 -10.936641 35.572991 173.017843 -27.602009 -2.286494 -44.035550 -8.849116 -77.727140 31.330435 -47.676340 -113.747414 -26.882753 228.917693 13.653965 -108.673901 -9.065884 -20.521945 -54.042059 20.373798 13.725637 -300.986510 -248.762643 -90.602749 -223.506810 -73.237416 
 fitted_sfs: 1166673.908993 653798.232099 475150.632712 381015.062129 321322.192887 279294.447471 247678.569777 222801.987966 202590.278415 185773.155493 171522.800503 159272.446135 148618.243215 139262.837429 130981.243846 123599.306331 116979.592985 111011.860757 105606.426696 100689.446252 96199.473689 92084.908630 88302.067248 84813.700336 81587.842638 78596.905121 75816.950609 73227.112258 70809.120392 68546.914908 66426.325597 64434.806258 62561.212664 60795.615563 59129.142917 57553.845526 56062.582728 54648.924164 53307.065643 52031.756017 50818.235345 49662.177677 48559.646150 47507.049466 46501.106095 45538.812511 44617.412572 43734.377465 42887.378766 42074.273113 41293.075438 40541.961485 39819.236024 39123.329559 38452.785511 37806.250339 37182.464586 36580.255198 35998.527924 35436.261049 34892.499479 34366.349687 33856.974213 33363.588102 32885.454231 32421.880338 31972.215199 31535.845782 31112.194751 30700.717402 30300.899888 29912.256676 29534.329067 29166.682882 28808.907280 28460.612839 28121.430513 27791.010068 27469.019001 27155.141520 26849.077323 26550.540817 26259.260098 25974.976240 25697.442365 25426.423774 25161.695491 24903.043334 24650.262821 24403.158531 24161.542986 23925.237966 23694.072217 23467.881838 23246.509955 23029.806127 22817.626226 22609.831882 22406.290444 22206.874463 22011.461622 21819.934312 21632.179601 21448.088798 21267.557402 21090.484849 20916.774371 20746.332697 20579.070099 20414.899920 20253.738993 20095.506623 19940.124944 19787.520358 19637.619344 19490.352510 19345.652537 19203.454354 19063.694903 18926.313518 18791.251357 18658.451683 18527.859416 18399.421017 18273.084945 18148.802340 18026.523691 17906.202600 17787.793661 17671.252918 17556.537809 17443.606938 17332.420243 17222.938778 17115.125004 17008.941881 16904.354263 16801.327451 16699.827925 16599.823156 16501.281456 16404.172082 16308.465112 16214.131843 16121.143055 16029.472174 15939.092193 15849.977057 15762.101501 15675.440845 15589.971111 15505.668975 15422.511652 15340.477001 15259.543489 15179.690036 15100.896234 15023.141920 14946.407834 14870.674935 14795.924665 14722.139042 14649.300425 14577.391675 14506.395990 14436.297057 14367.078778 14298.725882 14231.222883 14164.554985 14098.707730 14033.666912 13969.418756 13905.949652 13843.246471 13781.296245 13720.086411 13659.604607 13599.838795 13540.777194 13482.408187 13424.720642 13367.703410 13311.345835 13255.637254 13200.567428 13146.126171 13092.303671 13039.090199 12986.476333 12934.452772 12883.010451 12832.140460 12781.834101 12732.082865 12682.878389 12634.212496 12586.077149 12538.464531 12491.367119 12444.776799 12398.686732 12353.089527 12307.978051 12263.345357 12219.184593 12175.489076 12132.252256 12089.467621 12047.129048 12005.230142 11963.764937 11922.727347 11882.111658 11841.912066 11802.122937 11762.738774 11723.754124 11685.163672 11646.962172 11609.144583 11571.705652 11534.640592 11497.944524 11461.612647 11425.640320 11390.022899 11354.755870 11319.834779 11285.255261 11251.013054 11217.103941 11183.523730 11150.268397 11117.333925 11084.716412 11052.411989 11020.416798 10988.727116 10957.339404 10926.249915 10895.455148 10864.951584 10834.735750 10804.804472 10775.154235 10745.781846 10716.684050 10687.857729 10659.299775 10631.007128 10602.976787 10575.205743 10547.691136 10520.430097 10493.419802 10466.657491 10440.140352 10413.865780 10387.831123 10362.033754 10336.471127 10311.140676 10286.039956 10261.166490 10236.517941 10212.091858 10187.885920 10163.897840 10140.125348 10116.566122 10093.218277 10070.079295 10047.147186 10024.419833 10001.895157 9979.571226 9957.445881 9935.517217 9913.783268 9892.242135 9870.891906 9849.730730 9828.756724 9807.968141 9787.363171 9766.940047 9746.697046 9726.632170 9706.744649 9687.031756 9667.492401 9648.124851 9628.927501 9609.898816 9591.037262 9572.341260 9553.809389 9535.440111 9517.231942 9499.183484 9481.293330 9463.560011 9445.982249 9428.558618 9411.287735 9394.168323 9377.199106 9360.378696 9343.705975 9327.179549 9310.798247 9294.560828 9278.466084 9262.512838 9246.699923 9231.026164 9215.490457 9200.091650 9184.828623 9169.700298 9154.705523 9139.843459 9125.112867 9110.512629 9096.041852 9081.699573 9067.484729 9053.396280 9039.433310 9025.594894 9011.880045 8998.287832 8984.817339 8971.466954 8958.237900 8945.127164 8932.134599 8919.259318 8906.500471 8893.857253 8881.328808 8868.914309 8856.612965 8844.424000 8832.346553 8820.379926 8808.523327 8796.775991 8785.137172 8773.606154 8762.182191 8750.864558 8739.652574 8728.545513 8717.542693 8706.643432 8695.847076 8685.152977 8674.560362 8664.068725 8653.677361 8643.385653 8633.192985 8623.098731 8613.102292 8603.203065 8593.400478 8583.693914 8574.082831 8564.566632 8555.144803 8545.816746 8536.581926 8527.439829 8518.389883 8509.431594 8500.564440 8491.787898 8483.101479 8474.504665 8465.997002 8457.577907 8449.247111 8441.003945 8432.848001 8424.778861 8416.795989 8408.899012 8401.087468 8393.360912 8385.718942 8378.161094 8370.686993 8363.296196 8355.988292 8348.762938 8341.619677 8334.558145 8327.577953 8320.678721 8313.860084 8307.121663 8300.227263 8293.883774 8287.384126 8280.963040 8274.620374 8268.355858 8262.169109 8256.059835 8250.027690 8244.072369 8238.193551 8232.390932 8226.664198 8221.013073 8215.437232 8209.936405 8204.510297 8199.158659 8193.881106 8188.677509 8183.547514 8178.490879 8173.507343 8168.596637 8163.758531 8158.992763 8154.299095 8149.677308 8145.127106 8140.648313 8136.240697 8131.904009 8127.638055 8123.442609 8119.317504 8115.262400 8111.277224 8107.361747 8103.515743 8099.739039 8096.031449 8092.392787 8088.822864 8085.321505 8081.888541 8078.523797 8075.227096 8071.998299 8068.837234 8065.743745 8062.717677 8059.758881 8056.867212 8054.042565 8051.284716 8048.593585 8045.969038 8043.410946 8040.919182 8038.493626 8036.134151 8033.840654 8031.613010 8029.451121 8027.354877 8025.324179 8023.358926 8021.459021 8019.624377 8017.854897 8016.150506 8014.511113 8012.936641 8011.427009 8009.982157 8008.602009 8007.286494 8006.035550 8004.849116 8003.727140 8002.669565 8001.676340 8000.747414 7999.882753 7999.082307 7998.346035 7997.673901 7997.065884 7996.521945 7996.042059 7995.626202 7995.274363 7994.986510 7994.762643 7994.602749 7994.506810 3997.237416 
 >
 log_likelihood: -69334697.909026 
 distance: 3304.203034 
 breakpoints: 7 17 
 thetas: 1008197.350359 994769.085681 1999983.673301 
 se_thetas: 1566.227097 549.443375 419.523309 
 residues: -44.900464 521.408035 -705.182098 -453.019201 503.253889 -30.045387 -17.567470 529.580960 -697.229044 206.721938 54.063722 314.172181 7.986702 486.253469 150.544002 115.729852 -356.954699 -402.404544 -611.033171 557.936680 147.904115 -0.562403 -245.800439 -22.574630 47.071827 -286.276642 66.315265 -119.285574 -456.808129 336.809937 136.741638 37.536327 56.341550 269.089948 31.656921 199.994955 160.247881 245.849088 -49.394355 -179.228583 -67.891107 -262.053572 -400.776879 56.532365 333.157639 75.104286 167.130157 50.765624 -81.659412 -282.000244 209.729526 150.355284 86.573383 -515.045653 31.955720 42.931937 324.143294 -109.236372 -223.112078 -227.461423 -139.328668 213.180313 119.903547 -35.373479 82.086857 66.977285 93.949473 64.616868 131.557198 332.315539 143.406087 1.314706 -100.499593 -158.602335 -1.582399 49.949903 47.363868 -287.990030 167.220938 54.312779 358.586001 97.326392 -345.193960 48.284049 63.007467 125.211149 358.120228 307.949032 -159.097818 156.175231 -33.044210 -124.577805 -50.254181 301.090675 176.613745 -482.534429 -86.209619 -36.273360 74.407087 -169.040740 -10.494441 -15.836327 -62.953388 10.263141 -353.082168 164.111317 -61.059569 -162.501491 -105.124660 57.157640 -75.571369 125.769067 117.256869 -78.034328 -96.030938 -129.663527 -114.864731 -145.569434 130.285467 93.760678 -4.084920 -42.194550 -185.513095 -80.986978 -23.564621 126.802860 28.165020 185.568285 158.058091 25.678426 74.471881 61.479878 147.742509 13.298745 171.186149 -37.558208 61.100838 -142.801987 -186.233142 -90.160074 66.448925 -168.375380 92.396954 -171.205355 -62.153057 -75.419569 -96.977862 114.198135 -21.866293 -163.146453 -153.618346 -248.258636 -196.044521 -40.953843 -45.965057 161.942932 -59.209455 70.597963 153.384455 -111.830925 -205.029603 -94.193588 -35.305226 123.652635 -194.303194 -130.156386 5.109167 -61.491256 3.057844 5.771273 170.663499 104.748737 -23.959229 237.553222 206.299226 -94.708239 -85.456601 -143.933491 115.873139 -125.024925 216.383946 86.110889 -28.832938 -161.436874 -113.690247 25.417189 72.895627 52.754886 162.004700 -168.345501 27.713590 -138.808957 -207.904224 209.436492 -122.778294 -97.540214 -23.841084 58.327137 218.972272 -69.898152 132.723989 139.845534 82.473879 41.616164 153.279340 92.470264 29.195623 -10.538028 12.275827 79.643316 -90.429163 121.064359 -52.870024 21.773405 -0.999549 -81.183246 -67.772185 -32.760911 -7.144103 -124.916513 -105.073098 -61.608596 -132.518223 -84.797093 40.559597 -173.443509 81.198238 108.489352 -115.565708 6.037427 52.303020 22.235291 -63.161564 19.116481 -32.926555 14.713235 119.039720 44.056763 -150.231913 -42.822765 79.287958 -123.896245 16.628152 -18.135377 180.816342 -97.513172 194.879278 -39.003054 -62.157046 66.420412 90.732382 185.781866 -135.428123 4.105275 -141.615069 -70.586327 -0.805738 7.729510 74.022027 48.074464 40.889452 -10.530463 -47.182712 -0.064850 -222.174396 -163.509014 23.933752 48.156221 -89.839316 37.949412 76.524728 104.888518 -89.956698 157.991073 -90.266052 26.274008 -96.386816 65.753640 271.697281 83.446073 36.001917 -137.633273 125.542356 46.530685 89.333466 59.952508 17.389581 -379.353594 19.724988 -38.373911 -90.647554 -0.094855 2.285922 11.496383 -46.461936 14.412500 -61.878730 17.665797 51.047621 -117.731775 -83.670990 -6.768618 -1.023188 9.566578 -32.997891 -28.715213 56.415891 4.396697 -33.771405 -30.087298 -54.549585 -73.157095 173.091413 75.197149 53.161290 139.985005 -107.330532 102.215785 7.625109 29.898560 109.037217 -154.957767 128.914447 -74.344902 -180.734691 8.745969 27.098043 -111.677405 54.420666 -30.606828 6.241038 14.965254 -31.433250 -114.953558 36.405952 83.644034 -26.236276 209.765163 -193.350764 -0.583202 84.068650 2.605651 -14.971371 -75.661625 -6.464336 48.621359 -158.403842 119.460855 -112.783786 -43.137018 68.401875 -99.166360 153.159002 -56.621356 -110.506709 -19.496375 -11.589670 -184.785941 -56.084538 -147.484689 58.014113 -22.587426 87.711311 108.910940 4.012088 53.015354 2.921341 34.730623 -169.556183 -167.938537 -74.415838 134.012426 -44.653147 -121.412020 20.736320 -49.207553 -70.243146 149.630064 43.412600 137.104952 -81.292363 90.221110 -40.354044 40.982440 94.231236 -144.607250 40.467401 106.455725 26.358096 253.174974 209.906808 72.553997 96.117006 -48.403789 126.992056 200.304951 -33.464760 13.683379 4.749734 -44.265307 -95.361363 59.461931 71.204954 -75.893852 22.451886 68.955971 101.381442 16.728440 -98.002766 -185.811792 -0.698346 105.337920 -69.702693 75.180141 147.986723 53.717367 -52.627648 -46.047999 -18.543415 -28.113601 -59.758309 -102.477151 -71.270000 -3.136501 72.923586 2.910526 -55.175414 -188.334004 -42.564981 -150.868108 -24.243164 -59.689854 -7.208003 37.202623 46.542273 -109.188860 -91.990548 121.137374 -19.804753 23.183145 -123.898703 1.949927 -59.270790 87.439332 -104.919520 -67.347159 65.156591 -14.408100 143.958942 -39.742106 -107.511104 147.652120 -14.252279 35.775856 16.736673 -114.369683 -23.543107 3.216625 127.909594 -35.464067 -2.904227 -67.410762 -103.983548 -16.622462 33.672601 -79.098234 122.065132 -115.837193 55.194893 -108.838512 82.062690 7.898587 -106.330724 43.374831 -206.984657 -16.409110 30.101554 167.547392 -33.071517 -7.755103 -49.503305 -14.316061 -83.193319 25.864978 -53.141119 -119.211558 -32.346306 223.454687 8.191461 -114.135945 -14.527514 -25.983203 -59.502989 14.913152 8.265231 -306.446720 -254.222700 -96.062696 -228.966691 -75.967346 
 fitted_sfs: 1167063.900464 653170.591965 474746.182098 380798.019201 321219.746111 279261.045387 247687.567470 222837.419040 202642.229044 185835.278062 171590.936278 159343.827819 148691.013298 139335.746531 131053.455998 123670.270148 117048.954699 111079.404544 105672.033171 100753.063320 96261.095885 92144.562403 88359.800439 84869.574630 81641.928173 78649.276642 75867.684735 73276.285574 70856.808129 68593.190063 66471.258362 64478.463673 62603.658450 60836.910052 59169.343079 57593.005045 56100.752119 54686.150912 53343.394355 52067.228583 50852.891107 49696.053572 48592.776879 47539.467635 46532.842361 45569.895714 44647.869843 43764.234376 42916.659412 42103.000244 41321.270474 40569.644716 39846.426617 39150.045653 38479.044280 37832.068063 37207.856706 36605.236372 36023.112078 35460.461423 34916.328668 34389.819687 33880.096453 33386.373479 32907.913143 32444.022715 31994.050527 31557.383132 31133.442802 30721.684461 30321.593913 29932.685294 29554.499593 29186.602335 28828.582399 28480.050097 28140.636132 27809.990030 27487.779062 27173.687221 26867.413999 26568.673608 26277.193960 25992.715951 25714.992533 25443.788851 25178.879772 24920.050968 24667.097818 24419.824769 24178.044210 23941.577805 23710.254181 23483.909325 23262.386255 23045.534429 22833.209619 22625.273360 22421.592913 22222.040740 22026.494441 21834.836327 21646.953388 21462.736859 21282.082168 21104.888683 20931.059569 20760.501491 20593.124660 20428.842360 20267.571369 20109.230933 19953.743131 19801.034328 19651.030938 19503.663527 19358.864731 19216.569434 19076.714533 18939.239322 18804.084920 18671.194550 18540.513095 18411.986978 18285.564621 18161.197140 18038.834980 17918.431715 17799.941909 17683.321574 17568.528119 17455.520122 17344.257491 17234.701255 17126.813851 17020.558208 16915.899162 16812.801987 16711.233142 16611.160074 16512.551075 16415.375380 16319.603046 16225.205355 16132.153057 16040.419569 15949.977862 15860.801865 15772.866293 15686.146453 15600.618346 15516.258636 15433.044521 15350.953843 15269.965057 15190.057068 15111.209455 15033.402037 14956.615545 14880.830925 14806.029603 14732.193588 14659.305226 14587.347365 14516.303194 14446.156386 14376.890833 14308.491256 14240.942156 14174.228727 14108.336501 14043.251263 13978.959229 13915.446778 13852.700774 13790.708239 13729.456601 13668.933491 13609.126861 13550.024925 13491.616054 13433.889111 13376.832938 13320.436874 13264.690247 13209.582811 13155.104373 13101.245114 13047.995300 12995.345501 12943.286410 12891.808957 12840.904224 12790.563508 12740.778294 12691.540214 12642.841084 12594.672863 12547.027728 12499.898152 12453.276011 12407.154466 12361.526121 12316.383836 12271.720660 12227.529736 12183.804377 12140.538028 12097.724173 12055.356684 12013.429163 11971.935641 11930.870024 11890.226595 11849.999549 11810.183246 11770.772185 11731.760911 11693.144103 11654.916513 11617.073098 11579.608596 11542.518223 11505.797093 11469.440403 11433.443509 11397.801762 11362.510648 11327.565708 11292.962573 11258.696980 11224.764709 11191.161564 11157.883519 11124.926555 11092.286765 11059.960280 11027.943237 10996.231913 10964.822765 10933.712042 10902.896245 10872.371848 10842.135377 10812.183658 10782.513172 10753.120722 10724.003054 10695.157046 10666.579588 10638.267618 10610.218134 10582.428123 10554.894725 10527.615069 10500.586327 10473.805738 10447.270490 10420.977973 10394.925536 10369.110548 10343.530463 10318.182712 10293.064850 10268.174396 10243.509014 10219.066248 10194.843779 10170.839316 10147.050588 10123.475272 10100.111482 10076.956698 10054.008927 10031.266052 10008.725992 9986.386816 9964.246360 9942.302719 9920.553927 9898.998083 9877.633273 9856.457644 9835.469315 9814.666534 9794.047492 9773.610419 9753.353594 9733.275012 9713.373911 9693.647554 9674.094855 9654.714078 9635.503617 9616.461936 9597.587500 9578.878730 9560.334203 9541.952379 9523.731775 9505.670990 9487.768618 9470.023188 9452.433422 9434.997891 9417.715213 9400.584109 9383.603303 9366.771405 9350.087298 9333.549585 9317.157095 9300.908587 9284.802851 9268.838710 9253.014995 9237.330532 9221.784215 9206.374891 9191.101440 9175.962783 9160.957767 9146.085553 9131.344902 9116.734691 9102.254031 9087.901957 9073.677405 9059.579334 9045.606828 9031.758962 9018.034746 9004.433250 8990.953558 8977.594048 8964.355966 8951.236276 8938.234837 8925.350764 8912.583202 8899.931350 8887.394349 8874.971371 8862.661625 8850.464336 8838.378641 8826.403842 8814.539145 8802.783786 8791.137018 8779.598125 8768.166360 8756.840998 8745.621356 8734.506709 8723.496375 8712.589670 8701.785941 8691.084538 8680.484689 8669.985887 8659.587426 8649.288689 8639.089060 8628.987912 8618.984646 8609.078659 8599.269377 8589.556183 8579.938537 8570.415838 8560.987574 8551.653147 8542.412020 8533.263680 8524.207553 8515.243146 8506.369936 8497.587400 8488.895048 8480.292363 8471.778890 8463.354044 8455.017560 8446.768764 8438.607250 8430.532599 8422.544275 8414.641904 8406.825026 8399.093192 8391.446003 8383.882994 8376.403789 8369.007944 8361.695049 8354.464760 8347.316621 8340.250266 8333.265307 8326.361363 8319.538069 8312.795046 8305.893852 8299.548114 8293.044029 8286.618558 8280.271560 8274.002766 8267.811792 8261.698346 8255.662080 8249.702693 8243.819859 8238.013277 8232.282633 8226.627648 8221.047999 8215.543415 8210.113601 8204.758309 8199.477151 8194.270000 8189.136501 8184.076414 8179.089474 8174.175414 8169.334004 8164.564981 8159.868108 8155.243164 8150.689854 8146.208003 8141.797377 8137.457727 8133.188860 8128.990548 8124.862626 8120.804753 8116.816855 8112.898703 8109.050073 8105.270790 8101.560668 8097.919520 8094.347159 8090.843409 8087.408100 8084.041058 8080.742106 8077.511104 8074.347880 8071.252279 8068.224144 8065.263327 8062.369683 8059.543107 8056.783375 8054.090406 8051.464067 8048.904227 8046.410762 8043.983548 8041.622462 8039.327399 8037.098234 8034.934868 8032.837193 8030.805107 8028.838512 8026.937310 8025.101413 8023.330724 8021.625169 8019.984657 8018.409110 8016.898446 8015.452608 8014.071517 8012.755103 8011.503305 8010.316061 8009.193319 8008.135022 8007.141119 8006.211558 8005.346306 8004.545313 8003.808539 8003.135945 8002.527514 8001.983203 8001.502989 8001.086848 8000.734769 8000.446720 8000.222700 8000.062696 7999.966691 3999.967346 
 >
 log_likelihood: -69334696.724236 
 distance: 3277.290237 
 breakpoints: 11 17 34 
 thetas: 1002837.164127 992077.267184 2000895.227480 1993295.628405 
 se_thetas: 690.960031 887.535596 567.707911 5041.804317 
 residues: -58.556458 460.873743 -628.420668 -358.916621 573.704432 11.186961 -0.792282 528.241290 -711.229240 184.212119 26.054482 282.800142 -25.247762 452.202692 116.400885 81.990136 -389.957193 -434.451056 -641.986778 528.154757 119.331484 -27.917094 -271.948668 -47.541621 23.251740 -308.989918 44.665366 -139.917137 -476.466768 318.079302 118.895175 20.531680 40.138097 253.648935 16.941533 185.970323 146.881061 233.109001 -61.536992 -190.801339 -78.919921 -272.562851 -410.789583 46.994632 324.074545 66.456686 158.900012 42.935936 -89.104677 -289.076206 203.008556 143.975810 80.522629 -520.779777 26.526771 37.797307 319.292681 -113.812749 -227.423509 -231.516744 -143.136287 209.612391 116.567693 -38.484540 79.193647 64.295298 91.472373 62.338600 129.471969 330.417801 141.690527 -0.223769 -101.865868 -159.801096 -2.618146 49.072848 46.641351 -288.562005 166.795662 54.030503 358.443162 97.319557 -345.068100 48.539415 63.389259 125.716398 358.746065 308.692685 -158.239025 157.146576 -31.962818 -123.388787 -48.959880 302.487990 178.111877 -480.937609 -84.516174 -34.485290 76.287843 -167.069179 -8.433901 -13.688579 -60.720153 12.580192 -350.682924 166.591178 -58.500624 -159.864954 -102.411980 59.945053 -72.710594 128.701867 120.260392 -74.961342 -92.889726 -126.455289 -111.590638 -142.230625 133.687878 97.225608 -0.558529 -38.607730 -181.866851 -77.282293 -19.802455 130.621574 32.039367 189.497373 162.041048 29.714400 78.560039 65.619407 151.932614 17.538649 175.475093 -33.220970 65.485644 -138.370324 -181.755319 -85.636773 71.017039 -163.763107 97.052746 -166.506667 -57.412090 -70.636923 -92.154124 119.062388 -16.962090 -158.202854 -148.635894 -243.237861 -190.985947 -35.857981 -40.832409 167.111874 -54.004702 75.838053 158.659417 -106.521547 -199.686257 -88.816714 -29.895254 129.095279 -188.828292 -124.649635 10.647364 -55.922005 8.657760 11.401474 176.323612 110.438394 -18.240390 243.300888 212.075371 -88.903957 -79.624521 -138.073945 121.759825 -119.111418 222.323956 92.077093 -22.840846 -155.419193 -107.647274 31.485163 78.988316 58.872008 168.145977 -162.180341 33.902364 -132.596834 -201.669013 215.694535 -116.497672 -91.237262 -17.516048 64.674016 225.340755 -63.508298 139.134982 146.277438 88.926471 48.089222 159.772646 98.983602 35.728783 -3.985256 18.848005 86.234698 -83.818778 127.693551 -46.222221 28.439626 5.684902 -74.480752 -61.051832 -26.022881 -0.388577 -118.143666 -98.283105 -54.801631 -125.694454 -77.956689 47.416470 -166.570330 88.087561 115.394660 -108.644573 12.974234 59.255346 29.202984 -56.178654 26.114460 -25.913652 21.740917 126.082039 51.113578 -143.160741 -35.737373 86.387434 -116.782818 23.755397 -10.994447 187.970831 -90.345253 202.060499 -31.808654 -54.949591 73.640800 97.965582 193.027759 -128.169655 11.376202 -134.331799 -63.290828 6.501878 15.049131 81.353542 55.417766 48.244431 -3.163913 -39.804696 7.324527 -214.773760 -156.097222 31.356598 55.590021 -82.394660 45.404825 83.990802 112.365157 -82.469588 165.488558 -82.758284 33.791966 -88.858758 73.291707 279.245268 91.003892 43.569480 -130.056053 133.129147 54.126964 96.939147 67.567508 25.013817 -371.720203 27.367451 -30.722454 -82.987184 7.574350 9.963885 19.183026 -38.766691 22.116273 -54.166504 25.386400 58.776528 -109.994637 -75.925694 0.984765 6.738210 17.335922 -25.220673 -20.930189 64.208651 12.197126 -25.963374 -22.271733 -46.726553 -65.326660 180.929184 83.042193 61.013542 147.844401 -99.464055 110.089281 15.505561 37.785907 116.931398 -147.056813 136.822115 -66.430580 -172.813776 16.673420 35.031972 -103.737056 62.367377 -22.653811 14.200305 22.930713 -23.461653 -106.975878 44.389656 91.633715 -18.240675 217.766629 -185.343484 7.429838 92.087397 10.630055 -6.941363 -67.626065 1.576727 56.667874 -150.351926 127.518123 -104.721217 -35.069195 76.474902 -91.088177 161.242293 -48.533006 -102.413347 -11.398047 -3.486425 -176.677823 -47.971595 -139.366966 66.136570 -14.460281 95.843099 117.047327 12.153029 61.160805 11.071258 42.884962 -161.397466 -159.775484 -66.248493 142.184021 -36.477344 -113.232052 28.920412 -41.019379 -62.050932 157.826278 51.612772 145.309041 -73.084397 98.432913 -32.138445 49.201796 102.454310 -136.380498 48.697791 114.689714 34.595646 261.416047 218.151363 80.801998 104.368415 -40.149010 135.250167 208.566356 -25.200097 21.951262 13.020801 -35.991094 -87.084040 67.742328 79.488388 -67.608546 30.741286 77.248302 109.676667 25.026524 -89.701858 -177.508096 7.608104 113.647088 -61.390840 83.494643 156.303839 62.037065 -44.305403 -37.723241 -10.216179 -19.783920 -51.426216 -94.142680 -62.933184 5.202626 81.264992 11.254177 -46.829549 -179.985960 -34.214790 -142.515802 -15.888775 -51.333415 1.150454 45.563066 54.904670 -100.824541 -83.624339 129.505441 -11.434859 31.554835 -115.525250 10.325113 -50.893902 95.817890 -96.539323 -58.965354 73.539973 -6.023172 152.345386 -31.354177 -99.121720 156.042928 -5.860078 44.169420 25.131570 -105.973484 -15.145636 11.615339 136.309520 -27.062959 5.498033 -59.007379 -95.579073 -8.216925 42.079171 -70.690660 130.473680 -107.427701 63.605299 -100.427221 90.474837 16.311561 -97.916954 51.789369 -198.569380 -7.993124 38.518219 175.964708 -24.653579 0.663427 -41.084212 -5.896434 -74.773186 34.285588 -44.720062 -110.790083 -23.924442 231.876911 16.614018 -105.713086 -6.104381 -17.559825 -51.079395 23.336933 16.689171 -298.022650 -245.798529 -87.638454 -220.542406 -71.755196 
 fitted_sfs: 1167077.556458 653231.126257 474669.420668 380703.916621 321149.295568 279219.813039 247670.792282 222838.758710 202656.229240 185857.787881 171618.945518 159375.199858 148724.247762 139369.797308 131087.599115 123704.009864 117081.957193 111111.451056 105702.986778 100782.845243 96289.668516 92171.917094 88385.948668 84894.541621 81665.748260 78671.989918 75889.334634 73296.917137 70876.466768 68611.920698 66489.104825 64495.468320 62619.861903 60852.351065 59184.058467 57607.029677 56114.118939 54698.890999 53355.536992 52078.801339 50863.919921 49706.562851 48602.789583 47549.005368 46541.925455 45578.543314 44656.099988 43772.064064 42924.104677 42110.076206 41327.991444 40576.024190 39852.477371 39155.779777 38484.473229 37837.202693 37212.707319 36609.812749 36027.423509 35464.516744 34920.136287 34393.387609 33883.432307 33389.484540 32910.806353 32446.704702 31996.527627 31559.661400 31135.528031 30723.582199 30323.309473 29934.223769 29555.865868 29187.801096 28829.618146 28480.927152 28141.358649 27810.562005 27488.204338 27173.969497 26867.556838 26568.680443 26277.068100 25992.460585 25714.610741 25443.283602 25178.253935 24919.307315 24666.239025 24418.853424 24176.962818 23940.388787 23708.959880 23482.512010 23260.888123 23043.937609 22831.516174 22623.485290 22419.712157 22220.069179 22024.433901 21832.688579 21644.720153 21460.419808 21279.682924 21102.408822 20928.500624 20757.864954 20590.411980 20426.054947 20264.710594 20106.298133 19950.739608 19797.961342 19647.889726 19500.455289 19355.590638 19213.230625 19073.312122 18935.774392 18800.558529 18667.607730 18536.866851 18408.282293 18281.802455 18157.378426 18034.960633 17914.502627 17795.958952 17679.285600 17564.439961 17451.380593 17340.067386 17230.461351 17122.524907 17016.220970 16911.514356 16808.370324 16706.755319 16606.636773 16507.982961 16410.763107 16314.947254 16220.506667 16127.412090 16035.636923 15945.154124 15855.937612 15767.962090 15681.202854 15595.635894 15511.237861 15427.985947 15345.857981 15264.832409 15184.888126 15106.004702 15028.161947 14951.340583 14875.521547 14800.686257 14726.816714 14653.895254 14581.904721 14510.828292 14440.649635 14371.352636 14302.922005 14235.342240 14168.598526 14102.676388 14037.561606 13973.240390 13909.699112 13846.924629 13784.903957 13723.624521 13663.073945 13603.240175 13544.111418 13485.676044 13427.922907 13370.840846 13314.419193 13258.647274 13203.514837 13149.011684 13095.127992 13041.854023 12989.180341 12937.097636 12885.596834 12834.669013 12784.305465 12734.497672 12685.237262 12636.516048 12588.325984 12540.659245 12493.508298 12446.865018 12400.722562 12355.073529 12309.910778 12265.227354 12221.016398 12177.271217 12133.985256 12091.151995 12048.765302 12006.818778 11965.306449 11924.222221 11883.560374 11843.315098 11803.480752 11764.051832 11725.022881 11686.388577 11648.143666 11610.283105 11572.801631 11535.694454 11498.956689 11462.583530 11426.570330 11390.912439 11355.605340 11320.644573 11286.025766 11251.744654 11217.797016 11184.178654 11150.885540 11117.913652 11085.259083 11052.917961 11020.886422 10989.160741 10957.737373 10926.612566 10895.782818 10865.244603 10834.994447 10805.029169 10775.345253 10745.939501 10716.808654 10687.949591 10659.359200 10631.034418 10602.972241 10575.169655 10547.623798 10520.331799 10493.290828 10466.498122 10439.950869 10413.646458 10387.582234 10361.755569 10336.163913 10310.804696 10285.675473 10260.773760 10236.097222 10211.643402 10187.409979 10163.394660 10139.595175 10116.009198 10092.634843 10069.469588 10046.511442 10023.758284 10001.208034 9978.858758 9956.708293 9934.754732 9912.996108 9891.430520 9870.056053 9848.870853 9827.873036 9807.060853 9786.432492 9765.986183 9745.720203 9725.632549 9705.722454 9685.987184 9666.425650 9647.036115 9627.816974 9608.766691 9589.883727 9571.166504 9552.613600 9534.223472 9515.994637 9497.925694 9480.015235 9462.261790 9444.664078 9427.220673 9409.930189 9392.791349 9375.802874 9358.963374 9342.271733 9325.726553 9309.326660 9293.070816 9276.957807 9260.986458 9245.155599 9229.464055 9213.910719 9198.494439 9183.214093 9168.068602 9153.056813 9138.177885 9123.430580 9108.813776 9094.326580 9079.968028 9065.737056 9051.632623 9037.653811 9023.799695 9010.069287 8996.461653 8982.975878 8969.610344 8956.366285 8943.240675 8930.233371 8917.343484 8904.570162 8891.912603 8879.369945 8866.941363 8854.626065 8842.423273 8830.332126 8818.351926 8806.481877 8794.721217 8783.069195 8771.525098 8760.088177 8748.757707 8737.533006 8726.413347 8715.398047 8704.486425 8693.677823 8682.971595 8672.366966 8661.863430 8651.460281 8641.156901 8630.952673 8620.846971 8610.839195 8600.928742 8591.115038 8581.397466 8571.775484 8562.248493 8552.815979 8543.477344 8534.232052 8525.079588 8516.019379 8507.050932 8498.173722 8489.387228 8480.690959 8472.084397 8463.567087 8455.138445 8446.798204 8438.545690 8430.380498 8422.302209 8414.310286 8406.404354 8398.583953 8390.848637 8383.198002 8375.631585 8368.149010 8360.749833 8353.433644 8346.200097 8339.048738 8331.979199 8324.991094 8318.084040 8311.257672 8304.511612 8297.608546 8291.258714 8284.751698 8278.323333 8271.973476 8265.701858 8259.508096 8253.391896 8247.352912 8241.390840 8235.505357 8229.696161 8223.962935 8218.305403 8212.723241 8207.216179 8201.783920 8196.426216 8191.142680 8185.933184 8180.797374 8175.735008 8170.745823 8165.829549 8160.985960 8156.214790 8151.515802 8146.888775 8142.333415 8137.849546 8133.436934 8129.095330 8124.824541 8120.624339 8116.494559 8112.434859 8108.445165 8104.525250 8100.674887 8096.893902 8093.182110 8089.539323 8085.965354 8082.460027 8079.023172 8075.654614 8072.354177 8069.121720 8065.957072 8062.860078 8059.830580 8056.868430 8053.973484 8051.145636 8048.384661 8045.690480 8043.062959 8040.501967 8038.007379 8035.579073 8033.216925 8030.920829 8028.690660 8026.526320 8024.427701 8022.394701 8020.427221 8018.525163 8016.688439 8014.916954 8013.210631 8011.569380 8009.993124 8008.481781 8007.035292 8005.653579 8004.336573 8003.084212 8001.896434 8000.773186 7999.714412 7998.720062 7997.790083 7996.924442 7996.123089 7995.385982 7994.713086 7994.104381 7993.559825 7993.079395 7992.663067 7992.310829 7992.022650 7991.798529 7991.638454 7991.542406 3995.755196 
