0.0001
0.000133
0.000178
0.000237
0.000316
0.000421
0.000562
0.000749
0.000999
0.001332
0.001776
0.002368
0.003157
0.004209
0.005612
0.007483
0.009977
0.013303
0.017738
0.02365
0.031534
0.042045
0.05606
0.074747
0.099662
0.132883
0.177177
0.236236
0.314981
0.419975
0.559967
0.746622
0.995496
1.327328
2.0
>
-10790576.428198 160942.266133 21581152.856396
 837837.091225  
>
-10688894.914722 1180.399964 21377793.829444
25.0 1001375.895820 500520.702675  
>
-10688893.659205 1147.925345 21377795.31841
25.0 34.0 1001128.036011 502004.071803 495237.311481  
>
-10688893.113608 1105.873785 21377798.227216
22.0 24.0 26.0 999159.578022 1073135.580456 694922.333516 498964.469299  
