0.000100
0.000133
0.000178
0.000237
0.000316
0.000421
0.000562
0.000749
0.000999
0.001332
0.001776
0.002368
0.003157
0.004209
0.005612
0.007483
0.009977
0.013303
0.017738
0.023650
0.031534
0.042045
0.056060
0.074747
0.099662
0.132883
0.177177
0.236236
0.314981
0.419975
0.559967
0.746622
0.995496
1.327328
2.000000
 >
 log_likelihood: -10790576.428198 
 distance: 160942.266133 
 breakpoints: 
 thetas: 837837.091225 
 se_thetas: 17439.870526 
 residues: 78800.907855 3781.096312 -18014.526192 -26584.742508 -29643.756041 -31944.675752 -31726.014012 -30927.561311 -30266.011138 -29540.010138 -28245.908190 -27089.633646 -26517.318378 -25473.798281 -24232.713036 -23693.069264 -22550.957569 -21800.030589 -21044.356801 -20430.818204 -19815.537159 -19289.005313 -18813.700789 -18394.051057 -17830.644879 -17274.626366 -17244.223794 -16624.379521 -16478.456554 -16001.018469 -15645.569482 -15480.542787 -15163.034088 -15187.768781 -15019.004007 -14711.457112 -14518.247156 -14181.845976 -14002.036626 -14189.878793 -14004.679688 -14127.969266 -13716.479863 -13751.128703 -13528.003677 -13690.351477 -13775.568101 -13635.191163 -13583.894404 -6732.741820 
 fitted_sfs: 846300.092145 427467.903688 287916.526192 218186.742508 176386.756041 148552.675752 128700.014012 113836.561311 102300.011138 93093.010138 85580.908190 79340.633646 74079.318378 69587.798281 65712.713036 62339.069264 59378.957569 56764.030589 54440.356801 52364.818204 50502.537159 48825.005313 47308.700789 45934.051057 44684.644879 43546.626366 42508.223794 41559.379521 40691.456554 39897.018469 39169.569482 38503.542787 37894.034088 37336.768781 36828.004007 36364.457112 35943.247156 35561.845976 35218.036626 34909.878793 34635.679688 34393.969266 34183.479863 34003.128703 33852.003677 33729.351477 33634.568101 33567.191163 33526.894404 16756.741820 
 >
 log_likelihood: -10688894.914722 
 distance: 1180.399964 
 breakpoints: 25 
 thetas: 1001375.895820 500520.702675 
 se_thetas: 216.045046 379.764045 
 residues: -133.684250 272.446638 37.329401 -24.463995 486.574951 -513.054553 -143.402311 195.774006 73.219467 -149.648125 124.001356 243.584479 -204.034463 -144.319343 159.972726 -184.643560 127.860084 103.800317 137.742427 80.637402 73.748500 23.755965 -34.706545 -108.915166 -2.204767 131.675000 -227.948035 31.711103 -154.810091 15.992564 88.857423 -6.267146 72.062075 -172.207297 -204.532359 -80.712468 -54.839642 129.742089 172.470680 -138.406299 -62.808856 -282.805375 44.402726 -62.505843 100.038181 -111.496718 -234.736025 -121.393626 -86.268015 13.380303 
 fitted_sfs: 925234.684250 430976.553362 269864.670599 191626.463995 146256.425049 117121.054553 97117.402311 82713.225994 71960.780533 63702.648125 57210.998644 52007.415521 47766.034463 44258.319343 41320.027274 38830.643560 36700.139916 34860.199683 33258.257573 31853.362598 30613.251500 29512.244035 28529.706545 27648.915166 26856.204767 26140.325000 25491.948035 24903.288897 24367.810091 23880.007436 23435.142577 23029.267146 22658.937925 22321.207297 22013.532359 21733.712468 21479.839642 21250.257911 21043.529320 20858.406299 20693.808856 20548.805375 20422.597274 20314.505843 20223.961819 20150.496718 20093.736025 20053.393626 20029.268015 10010.619697 
 >
 log_likelihood: -10688893.659205 
 distance: 1147.925345 
 breakpoints: 25 34 
 thetas: 1001128.036011 502004.071803 495237.311481 
 se_thetas: 260.502960 977.344912 3238.818355 
 residues: -74.573355 229.506313 -27.280679 -92.080723 422.440220 -571.155964 -194.517835 151.863904 36.377464 -179.734768 100.275694 225.794399 -216.317456 -151.511462 157.475751 -182.816635 133.665641 113.265241 150.572608 96.562553 92.520587 45.147529 -10.904069 -82.893079 25.861337 161.623785 -196.265000 64.991623 -120.058319 52.098847 126.210015 32.231255 111.612694 -131.691846 -163.133896 -38.507829 -11.901208 173.345909 216.675010 -93.663207 -17.585988 -237.159300 90.417539 -16.174952 146.634020 -64.685791 -187.758848 -74.298254 -39.101945 36.975103 
 fitted_sfs: 925175.573355 431019.493687 269929.280679 191694.080723 146320.559780 117179.155964 97168.517835 82757.136096 71997.622536 63732.734768 57234.724306 52025.205601 47778.317456 44265.511462 41322.524249 38828.816635 36694.334359 34850.734759 33245.427392 31837.437447 30594.479413 29490.852471 28505.904069 27622.893079 26828.138663 26110.376215 25460.265000 24870.008377 24333.058319 23843.901153 23397.789985 22990.768745 22619.387306 22280.691846 21972.133896 21691.507829 21436.901208 21206.654091 20999.324990 20813.663207 20648.585988 20503.159300 20376.582461 20268.174952 20177.365980 20103.685791 20046.758848 20006.298254 19982.101945 9987.024897 
 >
 log_likelihood: -10688893.113608 
 distance: 1105.873785 
 breakpoints: 22 24 26 
 thetas: 999159.578022 1073135.580456 694922.333516 498964.469299 
 se_thetas: 693.817168 8940.561675 8782.736121 650.969308 
 residues: -0.715216 32.492555 -105.782151 -64.460682 507.519827 -467.829906 -97.905550 228.395155 87.511036 -154.233280 102.813278 209.446991 -247.024972 -192.193653 110.741057 -232.295061 84.099200 65.640173 106.355137 56.735609 57.667850 15.534102 -35.258524 -102.150689 11.410300 151.604872 -202.275293 62.544710 -119.388180 55.453741 131.841792 39.763557 120.704580 -121.344026 -151.796289 -26.410070 0.761778 186.411545 230.010391 -80.164164 -4.005430 -223.558286 103.996288 -2.645473 160.100460 -51.285248 -174.418346 -61.005294 -25.839359 43.601181 
 fitted_sfs: 925101.715216 431216.507445 270007.782151 191666.460682 146235.480173 117075.829906 97071.905550 82680.604845 71946.488964 63707.233280 57232.186722 52041.553009 47809.024972 44306.193653 41369.258943 38878.295061 36743.900800 34898.359827 33289.644863 31877.264391 30629.332150 29520.465898 28530.258524 27642.150689 26842.589700 26120.395128 25466.275293 24872.455290 24332.388180 23840.546259 23392.158208 22983.236443 22610.295420 22270.344026 21960.796289 21679.410070 21424.238222 21193.588455 20985.989609 20800.164164 20635.005430 20489.558286 20363.003712 20254.645473 20163.899540 20090.285248 20033.418346 19993.005294 19968.839359 9980.398819 
