0.0001
0.000133
0.000178
0.000237
0.000316
0.000421
0.000562
0.000749
0.000999
0.001332
0.001776
0.002368
0.003157
0.004209
0.005612
0.007483
0.009977
0.013303
0.017738
0.02365
0.031534
0.042045
0.05606
0.074747
0.099662
0.132883
0.177177
0.236236
0.314981
0.419975
0.559967
0.746622
0.995496
1.327328
2.0
>
-5126645.345706 255465.955963 10253290.691412
 1379460.187509  
>
-5086361.929686 4227.627194 10172727.859372
28.0 2004104.519896 1013007.942723  
>
-5086348.033984 373.771936 10172704.067968
24.0 27.0 1809194.179723 2599192.486985 1021626.655930  
>
-5086347.779679 83.835779 10172707.559358
20.0 22.0 34.0 77064.200866 6797500.348522 1470780.939746 293441.713100  
