0.000100
0.000133
0.000178
0.000237
0.000316
0.000421
0.000562
0.000749
0.000999
0.001332
0.001776
0.002368
0.003157
0.004209
0.005612
0.007483
0.009977
0.013303
0.017738
0.023650
0.031534
0.042045
0.056060
0.074747
0.099662
0.132883
0.177177
0.236236
0.314981
0.419975
0.559967
0.746622
0.995496
1.327328
2.000000
 >
 log_likelihood: -5126645.345706 
 distance: 255465.955963 
 breakpoints: 
 thetas: 1379460.187509 
 se_thetas: 88875.894509 
 residues: 153721.458324 -71794.617193 -121313.803576 -131500.078129 -66849.037502 
 fitted_sfs: 1532733.541676 862162.617193 656885.803576 574775.078129 275892.037502 
 >
 log_likelihood: -5086361.929686 
 distance: 4227.627194 
 breakpoints: 28 
 thetas: 2004104.519896 1013007.942723 
 se_thetas: 6205.818811 3891.813628 
 residues: -794.070820 3582.389098 -1198.991549 -1409.562507 -992.131033 
 fitted_sfs: 1687249.070820 786785.610902 536770.991549 444684.562507 210035.131033 
 >
 log_likelihood: -5086348.033984 
 distance: 373.771936 
 breakpoints: 24 27 
 thetas: 1809194.179723 2599192.486985 1021626.655930 
 se_thetas: 5637.197729 8839.495566 665.330226 
 residues: -0.401031 9.779271 -69.296469 210.120992 -301.092744 
 fitted_sfs: 1686455.401031 790358.220729 535641.296469 443064.879008 209344.092744 
 >
 log_likelihood: -5086347.779679 
 distance: 83.835779 
 breakpoints: 20 22 34 
 thetas: 77064.200866 6797500.348522 1470780.939746 293441.713100 
 se_thetas: 42365.622269 85839.634153 2952.546837 5750.450217 
 residues: -0.038819 1.483799 -14.263892 46.837225 -68.037123 
 fitted_sfs: 1686455.038819 790366.516201 535586.263892 443228.162775 209111.037123 
