0.0001
0.000133
0.000178
0.000237
0.000316
0.000421
0.000562
0.000749
0.000999
0.001332
0.001776
0.002368
0.003157
0.004209
0.005612
0.007483
0.009977
0.013303
0.017738
0.02365
0.031534
0.042045
0.05606
0.074747
0.099662
0.132883
0.177177
0.236236
0.314981
0.419975
0.559967
0.746622
0.995496
1.327328
2.0
>
-7892190.272038 186219.462098 15784380.544076
 1796744.327448  
>
-7878304.972484 1432.077085 15756613.944968
25.0 999714.941752 2001208.462727  
>
-7878303.990318 331.067383 15756615.980636
1.0 24.0 152979960.433780 506392.176785 1998360.327179  
>
-7878303.96744 255.6399 15756619.93488
1.0 23.0 28.0 254460775.570810 8578.616839 1929703.719224 2000283.850333  
