0.000100
0.000133
0.000178
0.000237
0.000316
0.000421
0.000562
0.000749
0.000999
0.001332
0.001776
0.002368
0.003157
0.004209
0.005612
0.007483
0.009977
0.013303
0.017738
0.023650
0.031534
0.042045
0.056060
0.074747
0.099662
0.132883
0.177177
0.236236
0.314981
0.419975
0.559967
0.746622
0.995496
1.327328
2.000000
 >
 log_likelihood: -7892190.272038 
 distance: 186219.462098 
 breakpoints: 
 thetas: 1796744.327448 
 se_thetas: 64785.232171 
 residues: -116028.586053 71848.795345 87467.463120 82328.530230 40302.134510 
 fitted_sfs: 1996382.586053 1122965.204655 855592.536880 748643.469770 359348.865490 
 >
 log_likelihood: -7878304.972484 
 distance: 1432.077085 
 breakpoints: 25 
 thetas: 999714.941752 2001208.462727 
 se_thetas: 3585.351822 1074.773034 
 residues: 68.699478 -638.348193 1171.094379 -498.527692 -136.546253 
 fitted_sfs: 1880285.300522 1195452.348193 941888.905621 831470.527692 399787.546253 
 >
 log_likelihood: -7878303.990318 
 distance: 331.067383 
 breakpoints: 1 24 
 thetas: 152979960.433780 506392.176785 1998360.327179 
 se_thetas: 4954505.509844 9728.217919 404.343348 
 residues: 0.003668 -16.343977 134.512526 -225.626584 200.842015 
 fitted_sfs: 1880353.996332 1194830.343977 942925.487474 831197.626584 399450.157985 
 >
 log_likelihood: -7878303.967440 
 distance: 255.639900 
 breakpoints: 1 23 28 
 thetas: 254460775.570810 8578.616839 1929703.719224 2000283.850333 
 se_thetas: 26058546.093939 83975.437782 18974.638262 1388.493091 
 residues: 0.000630 -2.805286 36.979382 -139.371238 211.073625 
 fitted_sfs: 1880353.999370 1194816.805286 943023.020618 831111.371238 399439.926375 
