0.0001
0.000133
0.000178
0.000237
0.000316
0.000421
0.000562
0.000749
0.000999
0.001332
0.001776
0.002368
0.003157
0.004209
0.005612
0.007483
0.009977
0.013303
0.017738
0.02365
0.031534
0.042045
0.05606
0.074747
0.099662
0.132883
0.177177
0.236236
0.314981
0.419975
0.559967
0.746622
0.995496
1.327328
2.0
>
-10773717.981151 160107.804107 21547435.962302
 835910.106500  
>
-10672629.269363 1513.90027 21345262.538726
25.0 998598.088022 500348.632125  
>
-10672627.152616 1235.168432 21345262.305232
1.0 25.0 575281.196104 1000885.764479 499403.788817  
>
-10672626.873264 1248.999682 21345265.746528
22.0 24.0 26.0 994393.266498 1090988.887788 679054.676367 498807.505840  
