0.000100
0.000133
0.000178
0.000237
0.000316
0.000421
0.000562
0.000749
0.000999
0.001332
0.001776
0.002368
0.003157
0.004209
0.005612
0.007483
0.009977
0.013303
0.017738
0.023650
0.031534
0.042045
0.056060
0.074747
0.099662
0.132883
0.177177
0.236236
0.314981
0.419975
0.559967
0.746622
0.995496
1.327328
2.000000
 >
 log_likelihood: -10773717.981151 
 distance: 160107.804107 
 breakpoints: 
 thetas: 835910.106500 
 se_thetas: 17349.447357 
 residues: 78160.357072 4184.251783 -17564.332129 -26442.923569 -30167.075046 -31151.011794 -31453.010214 -30646.742734 -30848.726067 -29095.900725 -28151.076247 -26881.154032 -26412.939534 -25549.749716 -24278.576979 -23106.692424 -22781.388843 -21689.476069 -21180.146617 -20300.381659 -19887.383770 -19191.710166 -18627.893068 -18135.404965 -17795.872360 -17373.471235 -17198.456938 -16453.794961 -16265.868175 -16223.257259 -15585.481370 -15456.986504 -15215.879646 -14993.896021 -14800.301381 -14811.820622 -14466.579429 -14218.055453 -13993.036848 -13920.587763 -13768.019302 -13689.864803 -13771.859516 -13608.923154 -13611.145708 -13532.775602 -13685.210223 -13629.988249 -13510.784171 -6931.202125 
 fitted_sfs: 844353.642928 426484.748217 287254.332129 217684.923569 175981.075046 148211.011794 128404.010214 113574.742734 102064.726067 92878.900725 85384.076247 79158.154032 73908.939534 69427.749716 65561.576979 62195.692424 59242.388843 56633.476069 54315.146617 52244.381659 50386.383770 48712.710166 47199.893068 45828.404965 44581.872360 43446.471235 42410.456938 41463.794961 40597.868175 39805.257259 39079.481370 38414.986504 37806.879646 37250.896021 36743.301381 36280.820622 35860.579429 35480.055453 35137.036848 34829.587763 34556.019302 34314.864803 34104.859516 33924.923154 33774.145708 33651.775602 33557.210223 33489.988249 33449.784171 16718.202125 
 >
 log_likelihood: -10672629.269363 
 distance: 1513.900270 
 breakpoints: 25 
 thetas: 998598.088022 500348.632125 
 se_thetas: 277.084602 487.059394 
 residues: -363.571813 693.856127 393.607312 -20.826926 -193.499393 117.084005 -34.709454 314.671063 -667.337619 141.555694 71.236686 309.860946 -236.552481 -352.049319 -12.796021 279.428907 -220.559465 100.398491 -108.248872 104.361539 -101.573633 20.575002 53.402029 54.601116 -60.186065 -57.727476 -270.709649 115.641084 -27.146724 -289.575945 67.085982 -63.216959 -60.045229 -56.454138 -62.903149 -257.193540 -78.418893 19.075486 107.726506 57.780876 101.317886 83.268570 -82.568965 8.483604 -54.004775 -24.565869 -214.825357 -186.497273 -83.380211 -220.177216 
 fitted_sfs: 922877.571813 429975.143873 269296.392688 191262.826926 146007.499393 116942.915995 96985.709454 82613.328937 71883.337619 63641.444306 57161.763314 51967.139054 47732.552481 44230.049319 41295.796021 38809.571093 36681.559465 34843.601509 33243.248872 31839.638461 30600.573633 29500.424998 28518.597971 27638.398884 26846.186065 26130.727476 25482.709649 24894.358916 24359.146724 23871.575945 23426.914018 23021.216959 22651.045229 22313.454138 22005.903149 21726.193540 21472.418893 21242.924514 21036.273494 20851.219124 20686.682114 20541.731430 20415.568965 20307.516396 20217.004775 20143.565869 20086.825357 20046.497273 20022.380211 10007.177216 
 >
 log_likelihood: -10672627.152616 
 distance: 1235.168432 
 breakpoints: 1 25 
 thetas: 575281.196104 1000885.764479 499403.788817 
 se_thetas: 87128.104411 523.352312 446.197888 
 residues: -0.118215 47.754857 86.695596 -170.291418 -258.448090 101.469083 -20.152813 348.123035 -621.979595 194.330345 128.473293 369.584243 -175.674090 -290.914778 47.991496 339.470984 -161.518275 158.283657 -51.604365 159.730182 -47.481640 73.413231 105.025334 105.058742 -10.838467 -9.430692 -223.402926 162.018626 18.361664 -244.877407 111.029771 -19.972670 -17.448198 -14.454429 -21.453040 -216.247470 -37.933350 59.142108 147.414045 97.127551 140.360455 122.042472 -44.029450 46.821994 -15.835118 13.466718 -176.898770 -148.646076 -45.574120 -201.281677 
 fitted_sfs: 922514.118215 430621.245143 269603.304404 191412.291418 146072.448090 116958.530917 96971.152813 82579.876965 71837.979595 63588.669655 57104.526707 51907.415757 47671.674090 44168.914778 41235.008504 38749.529016 36622.518275 34785.716343 33186.604365 31784.269818 30546.481640 29447.586769 28466.974666 27587.941258 26796.838467 26082.430692 25435.402926 24847.981374 24313.638336 23826.877407 23382.970229 22977.972670 22608.448198 22271.454429 21964.453040 21685.247470 21431.933350 21202.857892 20996.585955 20811.872449 20647.639545 20502.957528 20377.029450 20269.178006 20178.835118 20105.533282 20048.898770 20008.646076 19984.574120 9988.281677 
 >
 log_likelihood: -10672626.873264 
 distance: 1248.999682 
 breakpoints: 22 24 26 
 thetas: 994393.266498 1090988.887788 679054.676367 498807.505840 
 se_thetas: 783.613315 10097.679180 9919.427313 735.219942 
 residues: -38.379631 170.569335 5.132129 -210.281973 -237.343292 159.800261 49.909045 411.819018 -574.977193 220.315671 133.160940 355.120405 -205.898559 -333.065363 -2.312563 284.432516 -218.370142 101.993516 -105.491440 109.600126 -92.924747 33.231993 70.393569 76.039073 -34.353421 -27.671460 -236.684331 153.328853 13.867638 -245.581449 113.716994 -14.279886 -9.112882 -3.813263 -8.814066 -201.889235 -22.105207 76.218891 165.544632 116.141524 160.109580 142.398384 -23.177613 68.074082 5.734475 35.281814 -154.901524 -126.523396 -23.378038 -190.171557 
 fitted_sfs: 922552.379631 430498.430665 269684.867871 191452.281973 146051.343292 116900.199739 96901.090955 82516.180982 71790.977193 63562.684329 57099.839060 51921.879595 47701.898559 44211.065363 41285.312563 38804.567484 36679.370142 34842.006484 33240.491440 31834.399874 30591.924747 29487.768007 28501.606431 27616.960927 26820.353421 26100.671460 25448.684331 24856.671147 24318.132362 23827.581449 23380.283006 22972.279886 22600.112882 22260.813263 21951.814066 21670.889235 21416.105207 21185.781109 20978.455368 20792.858476 20627.890420 20482.601616 20356.177613 20247.925918 20157.265525 20083.718186 20026.901524 19986.523396 19962.378038 9977.171557 
