0.0001
0.000133
0.000178
0.000237
0.000316
0.000421
0.000562
0.000749
0.000999
0.001332
0.001776
0.002368
0.003157
0.004209
0.005612
0.007483
0.009977
0.013303
0.017738
0.02365
0.031534
0.042045
0.05606
0.074747
0.099662
0.132883
0.177177
0.236236
0.314981
0.419975
0.559967
0.746622
0.995496
1.327328
2.0
>
-25771102.623938 80520.307152 51542205.247876
 969416.538839  
>
-25573196.805616 2341.282944 51146397.611232
25.0 1001142.347525 502300.836001  
>
-25573189.428844 2294.943315 51146386.857688
19.0 25.0 1000721.216903 1004117.169739 500339.731171  
>
-25573189.009263 2294.795583 51146390.018526
23.0 24.0 25.0 1000798.208050 1060106.946486 955946.281412 500789.918539  
