0.000100
0.000133
0.000178
0.000237
0.000316
0.000421
0.000562
0.000749
0.000999
0.001332
0.001776
0.002368
0.003157
0.004209
0.005612
0.007483
0.009977
0.013303
0.017738
0.023650
0.031534
0.042045
0.056060
0.074747
0.099662
0.132883
0.177177
0.236236
0.314981
0.419975
0.559967
0.746622
0.995496
1.327328
2.000000
 >
 log_likelihood: -25771102.623938 
 distance: 80520.307152 
 breakpoints: 
 thetas: 969416.538839 
 se_thetas: 2798.628432 
 residues: 21356.074240 6737.371318 547.820187 -932.444494 -3705.595742 -5024.691293 -5022.327263 -4889.301774 -5807.169280 -5771.862513 -6277.974978 -6093.902405 -6632.687906 -6363.219565 -6783.948545 -6797.713076 -6647.683832 -6483.660279 -6811.115285 -6515.027477 -7084.903236 -6796.611403 -7147.783218 -6836.610547 -6840.934903 -6935.545687 -6736.633368 -6902.361359 -6892.525749 -6633.283103 -6590.931123 -6436.730217 -6663.757783 -6426.787925 -6503.192106 -6554.855984 -6707.110075 -6651.671061 -6394.592454 -6433.222173 -6724.167762 -6551.263200 -6379.545117 -6279.228112 -6131.685621 -6084.432960 -6374.109967 -6178.472566 -6034.376447 -5894.770996 -5970.681177 -6081.217047 -6034.549219 -5869.911368 -5708.592901 -5912.933982 -5782.321001 -5770.182870 -5776.987041 -5875.236500 -5716.466809 -5573.243731 -5627.160190 -5585.834900 -5581.909736 -5585.048590 -5382.935235 -5454.272025 -5582.778786 -5459.191067 -5306.259522 -5054.748472 -5163.435404 -5324.109590 -5340.571740 -5229.632869 -4977.113966 -5140.845100 -5105.664952 -5265.420358 -4975.965622 -4904.162220 -4968.878232 -5112.988055 -4973.371865 -4866.916088 -4842.511339 -4698.053756 -5009.444216 -4911.587980 -4747.393842 -4763.775637 -4603.650228 -4772.938079 -4762.563124 -4777.452370 -4501.535933 -4547.746666 -4690.020259 -4428.294868 -4499.511186 -4608.612143 -4451.542989 -4327.250984 -4458.685443 -4374.797587 -4380.540495 -4297.868900 -4314.739313 -4340.109639 -4290.939655 -4134.190092 -4197.823044 -4124.803426 -4100.094960 -4083.664169 -4119.478429 -4216.506186 -4013.716781 -4016.080853 -3937.569842 -4011.156288 -3952.813445 -4042.515200 -4074.236549 -3900.954300 -3902.643862 -4012.282933 -3859.849469 -3781.322154 -3787.680375 -3982.904021 -3912.973672 -3942.870412 -3865.576129 -3754.072655 -3683.343145 -3735.370681 -3676.139012 -3692.632380 -3708.835395 -3707.733151 -3629.311123 -3611.555562 -3533.451831 -3595.987481 -3554.149282 -3444.924578 -3452.301136 -3594.266967 -3528.810443 -3544.920266 -3469.585365 -3441.795003 -3507.538759 -3358.806381 -3313.588010 -3286.873771 -3320.654421 -3336.920697 -3538.663570 -3256.874351 -3389.544465 -3434.665617 -3352.229636 -3367.228628 -3322.654720 -3267.500653 -3281.758785 -3183.421963 -3105.483197 -3232.935579 -3093.772458 -3294.987186 -3065.573436 -3099.524887 -3108.835472 -3105.499181 -3132.510183 -3057.862766 -3091.551251 -3090.570306 -2939.914462 -3060.578615 -3174.557536 -3048.846301 -3077.439926 -3011.333689 -2982.522845 -3001.002847 -3126.769170 -2958.817424 -2885.143275 -2978.742510 -2921.611010 -2865.744711 -2954.139650 -2937.791919 -2901.697742 -2808.853555 -2859.255143 -2874.899458 -2810.782844 -2815.901827 -2887.253045 -2802.833162 -2955.638941 -2825.667214 -2731.914786 -2786.378779 -2793.055996 -2822.943598 -2688.038570 -2761.338207 -2757.839665 -2703.540209 -2781.437189 -2619.527948 -2763.809913 -2671.280531 -2799.937403 -2772.777876 -2649.799709 -2676.000525 -2666.377984 -2604.929855 -2570.653866 -2665.547835 -2619.609594 -2644.837025 -2636.228077 -2595.780701 -2621.492839 -2600.362562 -2582.387912 -2580.567011 -2675.897981 -2508.378919 -2447.008027 -2566.783651 -2591.703905 -2574.767118 -2525.971565 -2529.315543 -2581.797609 -2412.415964 -2528.169092 -2455.055395 -2544.073380 -2440.221538 -2439.498383 -2467.902464 -2443.432296 -2426.086518 -2522.863736 -2537.762578 -2472.781713 -2469.919738 -2473.175429 -2421.547498 -2390.034659 -2302.635686 -2392.349314 -2402.174377 -2443.109658 -2360.154060 -2393.306355 -2455.565425 -2427.930166 -2306.399475 -2359.972183 -2353.647527 -2377.424114 -2353.301046 -2376.277291 -2405.351832 -2285.523788 -2374.792034 -2300.155684 -2267.613776 -2351.165400 -2274.809617 -2230.545537 -2336.372226 -2197.288865 -2294.294566 -2206.388466 -2337.569737 -2217.837267 -2246.191128 -2228.629479 -2274.152056 -2234.757962 -2292.446408 -2266.216670 -2145.068005 -2223.999625 -2186.010877 -2166.100989 -2196.269230 -2227.514942 -2181.837450 -2163.236009 -2190.710047 -2303.258844 -2212.881708 -2196.578044 -2205.347248 -2249.188599 -2294.101630 -2168.085595 -2194.139959 -2192.264111 -2214.457460 -2198.719444 -2164.049498 -2214.447042 -2183.911557 -2170.442473 -2117.039241 -2119.701347 -2171.428196 -2205.219492 -2065.074544 -2140.992768 -2172.973797 -2135.017187 -2121.122388 -2151.288871 -2146.516216 -2095.803993 -2057.151700 -2074.558888 -2090.025115 -2076.549257 -2131.132938 -2136.773661 -2118.471709 -2112.226640 -2083.038040 -2159.905538 -2185.828704 -2075.807131 -2065.840447 -2170.928283 -2035.070186 -2050.265855 -2049.514894 -2028.816927 -2025.171592 -1951.578553 -2009.037439 -2127.547893 -2033.109600 -2041.722193 -2055.385348 -2054.098732 -2068.862037 -2063.674955 -2079.537057 -2024.448163 -2023.407901 -2008.415975 -2012.472092 -2056.575942 -2043.727236 -1997.925681 -2085.171007 -1970.462898 -1996.801109 -2002.185334 -2028.615346 -2007.090835 -2002.611545 -2030.177239 -2084.787620 -2003.442462 -2025.141510 -1992.884506 -2016.671218 -1956.501386 -2027.374806 -1971.291149 -2031.250386 -2003.252094 -1951.296105 -2043.382237 -1927.510187 -1970.679811 -2033.890875 -1977.143157 -1917.436477 -2018.770589 -1933.145330 -1964.560472 -2024.015814 -1933.511214 -1955.046422 -2000.621274 -1889.235580 -1961.889153 -1924.581820 -1904.313393 -1892.854642 -1928.892312 -1939.739828 -1885.625334 -1938.548859 -1977.510303 -1980.509459 -1931.546199 -1949.620346 -1942.731759 -1880.880277 -1980.065756 -1959.288040 -1803.547004 -1885.842477 -1802.174339 -1915.542442 -1814.946681 -2044.386815 -1928.862854 -1788.374584 -1894.921899 -1905.504671 -1876.122762 -1937.776073 -1895.464469 -1920.187837 -1932.946080 -1970.739026 -1970.566616 -1898.428735 -1909.325250 -1929.256079 -1985.221106 -1940.220274 -1890.253352 -1888.320367 -1930.421196 -1904.555715 -1869.723848 -1979.925507 -1921.160599 -1971.429032 -1874.730721 -1896.065586 -1976.433540 -1903.834492 -1904.268387 -1808.735135 -1878.234661 -1925.766888 -1826.331743 -1909.929158 -1868.559098 -1850.221415 -1877.916095 -1915.643074 -1920.402288 -1856.193674 -1947.017175 -1888.872726 -1762.760282 -1892.679777 -1920.631167 -1838.614398 -1883.629422 -1864.676190 -1924.754653 -1933.864773 -1855.006497 -1897.179795 -1886.384619 -1883.620932 -1942.888692 -1844.187878 -1831.518448 -1801.880366 -1906.273604 -1917.698131 -1927.153924 -1788.640954 -1925.159197 -1880.708626 -1846.289230 -1910.900980 -1846.543857 -1892.217840 -1920.922928 -1861.659094 -1850.426329 -1870.224618 -1824.053963 -1855.914340 -1878.805755 -1854.728201 -1864.681664 -955.833077 
 fitted_sfs: 970386.925760 485679.628682 324111.179813 243327.444494 194857.595742 162544.691293 139464.327263 122154.301774 108691.169280 97920.862513 89108.974978 81765.902405 75552.687906 70227.219565 65611.948545 61573.713076 58010.683832 54843.660279 52010.115285 49460.027477 47152.903236 45055.611403 43140.783218 41385.610547 39770.934903 38280.545687 36900.633368 35619.361359 34426.525749 33313.283103 32271.931123 31295.730217 30378.757783 29515.787925 28702.192106 27933.855984 27207.110075 26518.671061 25865.592454 25245.222173 24655.167762 24093.263200 23557.545117 23046.228112 22557.685621 22090.432960 21643.109967 21214.472566 20803.376447 20408.770996 20029.681177 19665.217047 19314.549219 18976.911368 18651.592901 18337.933982 18035.321001 17743.182870 17460.987041 17188.236500 16924.466809 16669.243731 16422.160190 16182.834900 15950.909736 15726.048590 15507.935235 15296.272025 15090.778786 14891.191067 14697.259522 14508.748472 14325.435404 14147.109590 13973.571740 13804.632869 13640.113966 13479.845100 13323.664952 13171.420358 13022.965622 12878.162220 12736.878232 12598.988055 12464.371865 12332.916088 12204.511339 12079.053756 11956.444216 11836.587980 11719.393842 11604.775637 11492.650228 11382.938079 11275.563124 11170.452370 11067.535933 10966.746666 10868.020259 10771.294868 10676.511186 10583.612143 10492.542989 10403.250984 10315.685443 10229.797587 10145.540495 10062.868900 9981.739313 9902.109639 9823.939655 9747.190092 9671.823044 9597.803426 9525.094960 9453.664169 9383.478429 9314.506186 9246.716781 9180.080853 9114.569842 9050.156288 8986.813445 8924.515200 8863.236549 8802.954300 8743.643862 8685.282933 8627.849469 8571.322154 8515.680375 8460.904021 8406.973672 8353.870412 8301.576129 8250.072655 8199.343145 8149.370681 8100.139012 8051.632380 8003.835395 7956.733151 7910.311123 7864.555562 7819.451831 7774.987481 7731.149282 7687.924578 7645.301136 7603.266967 7561.810443 7520.920266 7480.585365 7440.795003 7401.538759 7362.806381 7324.588010 7286.873771 7249.654421 7212.920697 7176.663570 7140.874351 7105.544465 7070.665617 7036.229636 7002.228628 6968.654720 6935.500653 6902.758785 6870.421963 6838.483197 6806.935579 6775.772458 6744.987186 6714.573436 6684.524887 6654.835472 6625.499181 6596.510183 6567.862766 6539.551251 6511.570306 6483.914462 6456.578615 6429.557536 6402.846301 6376.439926 6350.333689 6324.522845 6299.002847 6273.769170 6248.817424 6224.143275 6199.742510 6175.611010 6151.744711 6128.139650 6104.791919 6081.697742 6058.853555 6036.255143 6013.899458 5991.782844 5969.901827 5948.253045 5926.833162 5905.638941 5884.667214 5863.914786 5843.378779 5823.055996 5802.943598 5783.038570 5763.338207 5743.839665 5724.540209 5705.437189 5686.527948 5667.809913 5649.280531 5630.937403 5612.777876 5594.799709 5577.000525 5559.377984 5541.929855 5524.653866 5507.547835 5490.609594 5473.837025 5457.228077 5440.780701 5424.492839 5408.362562 5392.387912 5376.567011 5360.897981 5345.378919 5330.008027 5314.783651 5299.703905 5284.767118 5269.971565 5255.315543 5240.797609 5226.415964 5212.169092 5198.055395 5184.073380 5170.221538 5156.498383 5142.902464 5129.432296 5116.086518 5102.863736 5089.762578 5076.781713 5063.919738 5051.175429 5038.547498 5026.034659 5013.635686 5001.349314 4989.174377 4977.109658 4965.154060 4953.306355 4941.565425 4929.930166 4918.399475 4906.972183 4895.647527 4884.424114 4873.301046 4862.277291 4851.351832 4840.523788 4829.792034 4819.155684 4808.613776 4798.165400 4787.809617 4777.545537 4767.372226 4757.288865 4747.294566 4737.388466 4727.569737 4717.837267 4708.191128 4698.629479 4689.152056 4679.757962 4670.446408 4661.216670 4652.068005 4642.999625 4634.010877 4625.100989 4616.269230 4607.514942 4598.837450 4590.236009 4581.710047 4573.258844 4564.881708 4556.578044 4548.347248 4540.188599 4532.101630 4524.085595 4516.139959 4508.264111 4500.457460 4492.719444 4485.049498 4477.447042 4469.911557 4462.442473 4455.039241 4447.701347 4440.428196 4433.219492 4426.074544 4418.992768 4411.973797 4405.017187 4398.122388 4391.288871 4384.516216 4377.803993 4371.151700 4364.558888 4358.025115 4351.549257 4345.132938 4338.773661 4332.471709 4326.226640 4320.038040 4313.905538 4307.828704 4301.807131 4295.840447 4289.928283 4284.070186 4278.265855 4272.514894 4266.816927 4261.171592 4255.578553 4250.037439 4244.547893 4239.109600 4233.722193 4228.385348 4223.098732 4217.862037 4212.674955 4207.537057 4202.448163 4197.407901 4192.415975 4187.472092 4182.575942 4177.727236 4172.925681 4168.171007 4163.462898 4158.801109 4154.185334 4149.615346 4145.090835 4140.611545 4136.177239 4131.787620 4127.442462 4123.141510 4118.884506 4114.671218 4110.501386 4106.374806 4102.291149 4098.250386 4094.252094 4090.296105 4086.382237 4082.510187 4078.679811 4074.890875 4071.143157 4067.436477 4063.770589 4060.145330 4056.560472 4053.015814 4049.511214 4046.046422 4042.621274 4039.235580 4035.889153 4032.581820 4029.313393 4025.854642 4022.892312 4019.739828 4016.625334 4013.548859 4010.510303 4007.509459 4004.546199 4001.620346 3998.731759 3995.880277 3993.065756 3990.288040 3987.547004 3984.842477 3982.174339 3979.542442 3976.946681 3974.386815 3971.862854 3969.374584 3966.921899 3964.504671 3962.122762 3959.776073 3957.464469 3955.187837 3952.946080 3950.739026 3948.566616 3946.428735 3944.325250 3942.256079 3940.221106 3938.220274 3936.253352 3934.320367 3932.421196 3930.555715 3928.723848 3926.925507 3925.160599 3923.429032 3921.730721 3920.065586 3918.433540 3916.834492 3915.268387 3913.735135 3912.234661 3910.766888 3909.331743 3907.929158 3906.559098 3905.221415 3903.916095 3902.643074 3901.402288 3900.193674 3899.017175 3897.872726 3896.760282 3895.679777 3894.631167 3893.614398 3892.629422 3891.676190 3890.754653 3889.864773 3889.006497 3888.179795 3887.384619 3886.620932 3885.888692 3885.187878 3884.518448 3883.880366 3883.273604 3882.698131 3882.153924 3881.640954 3881.159197 3880.708626 3880.289230 3879.900980 3879.543857 3879.217840 3878.922928 3878.659094 3878.426329 3878.224618 3878.053963 3877.914340 3877.805755 3877.728201 3877.681664 1938.833077 
 >
 log_likelihood: -25573196.805616 
 distance: 2341.282944 
 breakpoints: 25 
 thetas: 1001142.347525 502300.836001 
 se_thetas: 91.353838 614.318807 
 residues: -409.789728 747.585516 -240.122224 838.660589 -431.961744 -776.296421 -100.339410 518.405023 -38.681977 270.223406 -25.449735 321.914055 -89.647184 278.890354 -65.125385 -20.186012 173.859157 369.791596 64.173863 373.653622 -189.960885 98.535318 -257.603642 44.166620 26.621536 -84.507694 95.030615 -92.549231 -106.718913 126.645019 141.487653 266.759990 9.569424 215.303960 106.734814 22.102293 -163.812596 -142.627539 79.692040 5.876780 -320.610689 -183.541479 -47.895875 16.162146 127.304674 138.057381 -188.182562 -29.137768 78.366217 181.407178 68.984946 -77.988431 -67.663354 60.744743 185.962963 -54.333926 40.481197 16.991626 -25.259063 -158.763908 -35.049501 73.326454 -15.221716 -8.306234 -38.563169 -75.651245 92.750355 -12.056661 -173.788560 -83.177768 37.027760 256.066027 115.161509 -77.473418 -125.638122 -46.142545 175.193137 -19.460564 -14.941962 -205.097730 54.217808 96.142989 1.809386 -171.657886 -61.139624 16.476983 12.300477 128.433752 -211.025130 -140.982583 -4.348611 -48.038371 85.029907 -111.065671 -127.250533 -168.453224 81.394545 9.358294 -158.499341 77.881777 -18.440782 -152.411714 -19.978062 79.911101 -75.695373 -15.750557 -45.209396 13.971500 -26.166271 -74.582508 -48.238903 85.901913 -0.124060 50.716305 53.457409 48.130799 -9.232819 -127.603807 54.046588 30.745816 88.520538 -5.603688 32.398000 -77.450158 -129.125032 24.394675 3.131734 -125.893410 7.339452 66.849812 41.656468 -172.222269 -120.768769 -168.965893 -109.797300 -16.246562 36.701416 -32.938172 8.849214 -24.922370 -58.239218 -74.088096 -12.456136 -11.331245 50.299617 -28.552747 -2.876699 90.338833 67.104506 -90.569246 -40.672338 -72.195003 -12.127682 0.538863 -80.186436 53.705206 84.222187 96.372949 48.165297 17.607087 -198.294052 69.469183 -77.096004 -135.982674 -67.183998 -95.693412 -64.504354 -22.610875 -50.006611 35.314314 100.357628 -39.871005 86.633831 -127.122436 89.865314 43.602208 22.093130 13.342925 -25.643732 37.137726 -8.308149 -18.977146 120.135100 -11.967401 -137.280501 -22.800345 -62.523006 -7.444808 10.437961 -18.871175 -155.368701 1.948772 65.084590 -38.958008 7.824129 53.434108 -45.125051 -38.850371 -12.739002 70.211702 10.005073 -15.356752 39.129007 24.464954 -56.346411 18.697396 -143.401231 -22.639956 61.983596 -1.528517 -17.173897 -55.950501 70.143903 -11.888761 -17.046415 28.672917 -57.728865 95.750154 -56.888185 27.357946 -109.509773 -90.489389 24.420632 -9.778021 -8.083693 45.505170 71.990174 -30.627159 7.654686 -25.162819 -24.078258 8.909785 -24.197253 -10.398059 0.308717 -5.075650 -107.549875 52.887358 107.237266 -19.499074 -51.320341 -41.225424 0.786847 -9.282371 -68.432183 94.338680 -27.968795 38.646466 -56.814560 40.649125 35.038500 0.354518 18.598172 29.770334 -73.128084 -94.096186 -35.133112 -38.237924 -47.409858 -1.648082 24.048243 105.679895 10.247704 -5.247601 -51.805230 25.575487 -13.104638 -80.844903 -58.644613 57.496930 -1.419502 -0.393551 -29.424204 -10.510956 -38.653153 -72.850158 41.898535 -52.406314 17.235815 44.825523 -43.636636 27.849925 67.285747 -43.328578 91.007427 -10.705687 72.532612 -63.277176 51.865744 18.960950 32.010001 -17.987172 16.970025 -45.117930 -23.250612 93.572418 10.351656 44.087459 59.780313 25.430662 -9.961120 31.605364 46.130584 14.614834 -101.941431 -15.537787 -3.173903 -15.849437 -63.563922 -112.317150 9.891375 -19.938060 -21.805091 -47.709371 -35.650577 -4.628381 -58.642439 -31.692466 -21.778119 28.100924 21.944953 -33.245659 -70.470839 66.269890 -13.023098 -48.349651 -13.709536 -3.102409 -36.527942 -34.985920 12.523887 48.001784 27.448027 8.862861 19.247247 -38.400700 -47.078598 -31.786939 -28.525461 -2.293930 -82.092155 -110.919879 -3.776870 3.337073 -104.577852 28.478644 10.506692 8.506527 26.478362 27.422400 98.338817 38.227831 -82.910359 8.924413 -2.267639 -18.486338 -19.731501 -37.002963 -34.300563 -52.624007 0.026738 -1.348092 11.251660 4.826154 -41.624433 -31.099947 12.399775 -77.125124 35.325543 6.751895 -0.845884 -29.467694 -10.113343 -7.782696 -37.475634 -94.191977 -14.931615 -38.694407 -8.480206 -34.288894 23.879681 -48.974388 5.149127 -56.749861 -30.671025 19.385697 -74.579614 39.433244 -5.575686 -70.606266 -15.658372 42.268082 -60.826754 23.057190 -10.079948 -71.238058 17.582910 -5.616881 -52.837353 56.921598 -17.339927 18.378162 37.075970 46.990141 9.411372 -2.951379 49.666193 -4.736023 -45.158007 -49.599622 -2.060818 -21.541489 -16.041566 44.439042 -56.099593 -36.657380 117.765735 34.169857 116.555042 1.921372 101.268888 -129.402230 -15.092056 124.199565 16.472678 4.727352 32.963668 -29.818333 11.381429 -14.436990 -28.273547 -67.128121 -68.000708 3.108756 -8.799646 -29.725883 -86.669887 -42.631651 6.389013 7.392027 -35.622530 -10.654577 23.295916 -87.771004 -29.855289 -80.956887 14.924248 -7.211845 -88.365118 -16.535518 -17.723027 77.072408 6.850827 -41.387727 57.356783 -26.915607 13.795103 31.489033 3.166165 -35.173468 -40.529831 23.097110 -68.292615 -10.698970 114.878065 -15.561469 -44.017553 37.509842 -7.979259 10.515170 -50.006844 -59.545281 18.899887 -23.671327 -13.258894 -10.862796 -70.483008 27.880474 40.227677 69.558620 -35.126682 -46.828213 -56.545962 81.720087 -55.030054 -10.796369 23.421144 -41.377498 22.807719 -23.023196 -51.870247 7.266585 18.387304 -1.508081 44.580423 12.652837 -10.290848 13.749372 3.773509 -21.609223 
 fitted_sfs: 992152.789728 491669.414484 324899.122224 241556.339411 191583.961744 158296.296421 134542.339410 116746.594977 102922.681977 91878.776594 82856.449735 75350.085945 69009.647184 63585.109646 58893.125385 54796.186012 51189.140843 47990.208404 45134.826137 42571.346378 40257.960885 38160.464682 36250.603642 34504.833380 32903.378464 31429.507694 30068.969385 28809.549231 27640.718913 26553.354981 25539.512347 24592.240010 23705.430576 22873.696040 22092.265186 21356.897707 20663.812596 20009.627539 19391.307960 18806.123220 18251.610689 17725.541479 17225.895875 16750.837854 16298.695326 15867.942619 15457.182562 15065.137768 14690.633783 14332.592822 13990.015054 13661.988431 13347.663354 13046.255257 12757.037037 12479.333926 12212.518803 11956.008374 11709.259063 11471.763908 11243.049501 11022.673546 10810.221716 10605.306234 10407.563169 10216.651245 10032.249645 9854.056661 9681.788560 9515.177768 9353.972240 9197.933973 9046.838491 8900.473418 8758.638122 8621.142545 8487.806863 8358.460564 8232.941962 8111.097730 7992.782192 7877.857011 7766.190614 7657.657886 7552.139624 7449.523017 7349.699523 7252.566248 7158.025130 7065.982583 6976.348611 6889.038371 6803.970093 6721.065671 6640.250533 6561.453224 6484.605455 6409.641706 6336.499341 6265.118223 6195.440782 6127.411714 6060.978062 5996.088899 5932.695373 5870.750557 5810.209396 5751.028500 5693.166271 5636.582508 5581.238903 5527.098087 5474.124060 5422.283695 5371.542591 5321.869201 5273.232819 5225.603807 5178.953412 5133.254184 5088.479462 5044.603688 5001.602000 4959.450158 4918.125032 4877.605325 4837.868266 4798.893410 4760.660548 4723.150188 4686.343532 4650.222269 4614.768769 4579.965893 4545.797300 4512.246562 4479.298584 4446.938172 4415.150786 4383.922370 4353.239218 4323.088096 4293.456136 4264.331245 4235.700383 4207.552747 4179.876699 4152.661167 4125.895494 4099.569246 4073.672338 4048.195003 4023.127682 3998.461137 3974.186436 3950.294794 3926.777813 3903.627051 3880.834703 3858.392913 3836.294052 3814.530817 3793.096004 3771.982674 3751.183998 3730.693412 3710.504354 3690.610875 3671.006611 3651.685686 3632.642372 3613.871005 3595.366169 3577.122436 3559.134686 3541.397792 3523.906870 3506.657075 3489.643732 3472.862274 3456.308149 3439.977146 3423.864900 3407.967401 3392.280501 3376.800345 3361.523006 3346.444808 3331.562039 3316.871175 3302.368701 3288.051228 3273.915410 3259.958008 3246.175871 3232.565892 3219.125051 3205.850371 3192.739002 3179.788298 3166.994927 3154.356752 3141.870993 3129.535046 3117.346411 3105.302604 3093.401231 3081.639956 3070.016404 3058.528517 3047.173897 3035.950501 3024.856097 3013.888761 3003.046415 2992.327083 2981.728865 2971.249846 2960.888185 2950.642054 2940.509773 2930.489389 2920.579368 2910.778021 2901.083693 2891.494830 2882.009826 2872.627159 2863.345314 2854.162819 2845.078258 2836.090215 2827.197253 2818.398059 2809.691283 2801.075650 2792.549875 2784.112642 2775.762734 2767.499074 2759.320341 2751.225424 2743.213153 2735.282371 2727.432183 2719.661320 2711.968795 2704.353534 2696.814560 2689.350875 2681.961500 2674.645482 2667.401828 2660.229666 2653.128084 2646.096186 2639.133112 2632.237924 2625.409858 2618.648082 2611.951757 2605.320105 2598.752296 2592.247601 2585.805230 2579.424513 2573.104638 2566.844903 2560.644613 2554.503070 2548.419502 2542.393551 2536.424204 2530.510956 2524.653153 2518.850158 2513.101465 2507.406314 2501.764185 2496.174477 2490.636636 2485.150075 2479.714253 2474.328578 2468.992573 2463.705687 2458.467388 2453.277176 2448.134256 2443.039050 2437.989999 2432.987172 2428.029975 2423.117930 2418.250612 2413.427582 2408.648344 2403.912541 2399.219687 2394.569338 2389.961120 2385.394636 2380.869416 2376.385166 2371.941431 2367.537787 2363.173903 2358.849437 2354.563922 2350.317150 2346.108625 2341.938060 2337.805091 2333.709371 2329.650577 2325.628381 2321.642439 2317.692466 2313.778119 2309.899076 2306.055047 2302.245659 2298.470839 2294.730110 2291.023098 2287.349651 2283.709536 2280.102409 2276.527942 2272.985920 2269.476113 2265.998216 2262.551973 2259.137139 2255.752753 2252.400700 2249.078598 2245.786939 2242.525461 2239.293930 2236.092155 2232.919879 2229.776870 2226.662927 2223.577852 2220.521356 2217.493308 2214.493473 2211.521638 2208.577600 2205.661183 2202.772169 2199.910359 2197.075587 2194.267639 2191.486338 2188.731501 2186.002963 2183.300563 2180.624007 2177.973262 2175.348092 2172.748340 2170.173846 2167.624433 2165.099947 2162.600225 2160.125124 2157.674457 2155.248105 2152.845884 2150.467694 2148.113343 2145.782696 2143.475634 2141.191977 2138.931615 2136.694407 2134.480206 2132.288894 2130.120319 2127.974388 2125.850873 2123.749861 2121.671025 2119.614303 2117.579614 2115.566756 2113.575686 2111.606266 2109.658372 2107.731918 2105.826754 2103.942810 2102.079948 2100.238058 2098.417090 2096.616881 2094.837353 2093.078402 2091.339927 2089.621838 2087.924030 2086.009859 2084.588628 2082.951379 2081.333807 2079.736023 2078.158007 2076.599622 2075.060818 2073.541489 2072.041566 2070.560958 2069.099593 2067.657380 2066.234265 2064.830143 2063.444958 2062.078628 2060.731112 2059.402230 2058.092056 2056.800435 2055.527322 2054.272648 2053.036332 2051.818333 2050.618571 2049.436990 2048.273547 2047.128121 2046.000708 2044.891244 2043.799646 2042.725883 2041.669887 2040.631651 2039.610987 2038.607973 2037.622530 2036.654577 2035.704084 2034.771004 2033.855289 2032.956887 2032.075752 2031.211845 2030.365118 2029.535518 2028.723027 2027.927592 2027.149173 2026.387727 2025.643217 2024.915607 2024.204897 2023.510967 2022.833835 2022.173468 2021.529831 2020.902890 2020.292615 2019.698970 2019.121935 2018.561469 2018.017553 2017.490158 2016.979259 2016.484830 2016.006844 2015.545281 2015.100113 2014.671327 2014.258894 2013.862796 2013.483008 2013.119526 2012.772323 2012.441380 2012.126682 2011.828213 2011.545962 2011.279913 2011.030054 2010.796369 2010.578856 2010.377498 2010.192281 2010.023196 2009.870247 2009.733415 2009.612696 2009.508081 2009.419577 2009.347163 2009.290848 2009.250628 2009.226491 1004.609223 
 >
 log_likelihood: -25573189.428844 
 distance: 2294.943315 
 breakpoints: 19 25 
 thetas: 1000721.216903 1004117.169739 500339.731171 
 se_thetas: 129.547210 666.740587 743.658743 
 residues: -234.958786 728.132674 -314.610448 743.187206 -535.348781 -881.472762 -204.122715 417.753959 -135.241017 178.266617 -112.565301 239.710087 -166.975723 206.333486 -133.056754 -83.663825 114.648372 314.654315 12.914750 326.079068 -234.040375 57.767101 -295.237652 9.497084 -5.245598 -113.726725 68.313135 -116.904105 -128.842722 106.627884 123.459664 250.610180 -4.806926 202.602284 95.614651 12.475799 -172.028241 -149.510415 74.068316 1.442801 -323.920375 -185.788596 -49.138648 15.868786 127.908894 139.510255 -185.927225 -26.123587 82.098039 185.817709 74.037391 -72.328860 -61.429555 67.521650 193.253528 -46.557577 48.716938 25.661761 -16.178216 -149.294791 -25.213391 83.509382 -4.711104 2.513906 -27.450732 -64.262867 104.399142 -0.162219 -161.662477 -70.833363 49.577827 268.809720 128.087382 -64.376253 -112.380021 -32.733365 188.744015 -5.776916 -1.134048 -191.173645 68.250353 110.276649 16.037163 -157.342660 -46.743303 30.948342 26.841102 143.038141 -196.362224 -126.266160 10.416558 -33.229003 99.879139 -96.180712 -112.333790 -153.508458 96.363748 24.348513 -143.491367 92.904396 -3.406484 -137.368563 -4.928756 94.963994 -60.641344 -0.697725 -30.159987 29.015367 -11.129966 -59.555688 -33.223399 100.904357 14.863665 65.687732 68.411036 63.065197 5.680993 -112.711871 68.915423 45.590386 103.339738 9.189097 47.163376 -62.713132 -114.417245 39.072379 17.778560 -111.278215 21.922305 81.399653 56.172667 -157.740306 -106.321602 -154.554045 -95.421262 -1.906794 51.004483 -18.672206 23.077705 -10.731699 -44.086690 -59.974008 1.619239 2.705167 64.296835 -14.594932 11.041525 104.217294 80.943053 -76.770749 -26.914008 -58.476942 1.550023 14.176139 -66.589646 67.261464 97.737882 109.848061 61.599819 31.001022 -184.940690 82.781997 -63.823703 -122.750843 -53.992584 -82.542353 -51.393580 -9.540308 -36.976166 48.304729 113.308112 -26.960345 99.504777 -114.291085 102.657194 56.354745 34.806460 26.017185 -13.008398 49.734282 4.249781 -6.457687 132.616249 0.475601 -124.875480 -10.433134 -50.193433 4.847303 22.692788 -6.653451 -143.187898 14.092840 77.192111 -26.886846 19.859123 65.433128 -33.161811 -26.922716 -0.846735 82.068780 21.827161 -3.569453 50.881717 36.183278 -44.662271 30.347556 -131.784847 -11.057142 73.533043 9.987769 -5.690565 -44.499918 81.561943 -0.503059 -5.692843 39.994565 -46.438936 107.008571 -45.661074 38.553956 -98.344658 -79.354964 35.524572 1.295638 2.959890 56.518880 82.974213 -19.672587 18.579992 -14.266576 -13.210879 19.748501 -13.387000 0.383930 11.062640 5.650405 -96.851493 63.558265 117.880893 -8.882533 -40.730693 -30.662475 11.323288 1.227753 -57.948185 104.796742 -17.536482 49.053219 -46.433181 51.005315 45.369687 10.660886 28.879903 40.027611 -62.895080 -83.887276 -24.948116 -28.076664 -37.272157 8.466237 34.139354 115.747974 20.292923 4.774930 -41.805215 35.553156 -3.149145 -70.911418 -48.732969 67.386900 8.448959 9.453565 -19.598270 -0.706040 -28.869094 -63.086797 51.641359 -42.683869 26.938038 54.507681 -33.974387 37.492419 76.908640 -33.725134 100.591574 -1.140685 82.078618 -53.750018 61.374202 28.450857 41.481502 -8.533932 26.405147 -35.700781 -13.851294 102.954047 19.715737 53.434130 69.109714 34.742930 -0.665846 40.883778 55.392274 23.859935 -92.712786 -6.325464 6.022228 -6.669365 -54.399780 -103.168809 19.024045 -10.820934 -12.703382 -38.622953 -26.579324 4.427831 -49.601144 -22.665965 -12.766290 37.098203 30.927802 -24.277119 -61.516490 75.210167 -4.096775 -39.437165 -4.810771 5.782750 -27.656274 -26.127629 21.368916 56.833662 36.266866 17.668774 28.040343 -29.620310 -38.310805 -23.031634 -19.782536 6.436722 -73.373669 -102.213453 4.917601 12.019695 -95.906975 37.137879 19.154388 17.142787 35.103287 36.036092 106.941376 46.819358 -74.329764 17.494173 6.291385 -9.937951 -11.193654 -28.475560 -25.783507 -44.117203 8.523384 7.138493 19.728277 13.292897 -33.167472 -22.652675 20.837451 -68.696953 43.744300 15.161329 7.554317 -21.076637 -1.731340 0.590342 -29.111473 -85.836605 -6.584945 -30.356352 -0.150679 -25.967810 32.192409 -40.669931 13.445397 -48.461692 -22.390874 27.657914 -66.315249 47.689841 2.673226 -62.364958 -7.424586 50.494427 -52.607768 31.268897 -1.875440 -63.040669 25.773259 2.566508 -44.660845 65.091302 -9.176947 26.534494 45.225732 55.133312 17.548227 5.179136 57.790445 3.382043 -37.046052 -41.493703 6.039139 -13.447417 -7.953306 52.521564 -48.022735 -28.586112 125.831486 42.230165 124.609978 9.971011 109.313300 -121.362972 -7.057880 132.228730 24.496904 12.746710 40.978229 -21.808500 19.386606 -6.436399 -20.277472 -59.136493 -60.013457 11.091699 -0.820941 -21.751348 -78.699454 -34.665250 14.351450 15.350567 -27.667817 -2.703624 31.243176 -79.827370 -21.915214 -73.020302 22.857409 0.717958 -80.438606 -8.612231 -9.802898 84.989446 14.764839 -33.476675 65.264940 -19.010279 21.697667 39.388900 11.063399 -27.278802 -32.637667 30.986835 -60.405264 -2.813927 122.760864 -7.680850 -36.139050 45.386293 -0.104795 18.387711 -42.136162 -51.676395 26.767042 -15.805840 -5.395012 -3.000455 -62.622144 35.739924 48.085775 77.415431 -27.271096 -38.973788 -48.692635 89.572378 -47.178735 -2.945959 31.270707 -33.528718 30.655778 -15.175795 -44.023441 15.112859 26.233108 6.337315 52.425475 20.497608 -2.446296 21.593767 11.617810 -17.687089 
 fitted_sfs: 991977.958786 491688.867326 324973.610448 241651.812794 191687.348781 158401.472762 134646.122715 116847.246041 103019.241017 91970.733383 82943.565301 75432.289913 69086.975723 63657.666514 58961.056754 54859.663825 51248.351628 48045.345685 45186.085250 42618.920932 40302.040375 38201.232899 36288.237652 34539.502916 32935.245598 31458.726725 30095.686865 28833.904105 27662.842722 26573.372116 25557.540336 24608.389820 23719.806926 22886.397716 22103.385349 21366.524201 20672.028241 20016.510415 19396.931684 18810.557199 18254.920375 17727.788596 17227.138648 16751.131214 16298.091106 15866.489745 15454.927225 15062.123587 14686.901961 14328.182291 13984.962609 13656.328860 13341.429555 13039.478350 12749.746472 12471.557577 12204.283062 11947.338239 11700.178216 11462.294791 11233.213391 11012.490618 10799.711104 10594.486094 10396.450732 10205.262867 10020.600858 9842.162219 9669.662477 9502.833363 9341.422173 9185.190280 9033.912618 8887.376253 8745.380021 8607.733365 8474.255985 8344.776916 8219.134048 8097.173645 7978.749647 7863.723351 7751.962837 7643.342660 7537.743303 7435.051658 7335.158898 7237.961859 7143.362224 7051.266160 6961.583442 6874.229003 6789.120861 6706.180712 6625.333790 6546.508458 6469.636252 6394.651487 6321.491367 6250.095604 6180.406484 6112.368563 6045.928756 5981.036006 5917.641344 5855.697725 5795.159987 5735.984633 5678.129966 5621.555688 5566.223399 5512.095643 5459.136335 5407.312268 5356.588964 5306.934803 5258.319007 5210.711871 5164.084577 5118.409614 5073.660262 5029.810903 4986.836624 4944.713132 4903.417245 4862.927621 4823.221440 4784.278215 4746.077695 4708.600347 4671.827333 4635.740306 4600.321602 4565.554045 4531.421262 4497.906794 4464.995517 4432.672206 4400.922295 4369.731699 4339.086690 4308.974008 4279.380761 4250.294833 4221.703165 4193.594932 4165.958475 4138.782706 4112.056947 4085.770749 4059.914008 4034.476942 4009.449977 3984.823861 3960.589646 3936.738536 3913.262118 3890.151939 3867.400181 3844.998978 3822.940690 3801.218003 3779.823703 3758.750843 3737.992584 3717.542353 3697.393580 3677.540308 3657.976166 3638.695271 3619.691888 3600.960345 3582.495223 3564.291085 3546.342806 3528.645255 3511.193540 3493.982815 3477.008398 3460.265718 3443.750219 3427.457687 3411.383751 3395.524399 3379.875480 3364.433134 3349.193433 3334.152697 3319.307212 3304.653451 3290.187898 3275.907160 3261.807889 3247.886846 3234.140877 3220.566872 3207.161811 3193.922716 3180.846735 3167.931220 3155.172839 3142.569453 3130.118283 3117.816722 3105.662271 3093.652444 3081.784847 3070.057142 3058.466957 3047.012231 3035.690565 3024.499918 3013.438057 3002.503059 2991.692843 2981.005435 2970.438936 2959.991429 2949.661074 2939.446044 2929.344658 2919.354964 2909.475428 2899.704362 2890.040110 2880.481120 2871.025787 2861.672587 2852.420008 2843.266576 2834.210879 2825.251499 2816.387000 2807.616070 2798.937360 2790.349595 2781.851493 2773.441735 2765.119107 2756.882533 2748.730693 2740.662475 2732.676712 2724.772247 2716.948185 2709.203258 2701.536482 2693.946781 2686.433181 2678.994685 2671.630313 2664.339114 2657.120097 2649.972389 2642.895080 2635.887276 2628.948116 2622.076664 2615.272157 2608.533763 2601.860646 2595.252026 2588.707077 2582.225070 2575.805215 2569.446844 2563.149145 2556.911418 2550.732969 2544.613100 2538.551041 2532.546435 2526.598270 2520.706040 2514.869094 2509.086797 2503.358641 2497.683869 2492.061962 2486.492319 2480.974387 2475.507581 2470.091360 2464.725134 2459.408426 2454.140685 2448.921382 2443.750018 2438.625798 2433.549143 2428.518498 2423.533932 2418.594853 2413.700781 2408.851294 2404.045953 2399.284263 2394.565870 2389.890286 2385.257070 2380.665846 2376.116222 2371.607726 2367.140065 2362.712786 2358.325464 2353.977772 2349.669365 2345.399780 2341.168809 2336.975955 2332.820934 2328.703382 2324.622953 2320.579324 2316.572169 2312.601144 2308.665965 2304.766290 2300.901797 2297.072198 2293.277119 2289.516490 2285.789833 2282.096775 2278.437165 2274.810771 2271.217250 2267.656274 2264.127629 2260.631084 2257.166338 2253.733134 2250.331226 2246.959657 2243.620310 2240.310805 2237.031634 2233.782536 2230.563278 2227.373669 2224.213453 2221.082399 2217.980305 2214.906975 2211.862121 2208.845612 2205.857213 2202.896713 2199.963908 2197.058624 2194.180642 2191.329764 2188.505827 2185.708615 2182.937951 2180.193654 2177.475560 2174.783507 2172.117203 2169.476616 2166.861507 2164.271723 2161.707103 2159.167472 2156.652675 2154.162549 2151.696953 2149.255700 2146.838671 2144.445683 2142.076637 2139.731340 2137.409658 2135.111473 2132.836605 2130.584945 2128.356352 2126.150679 2123.967810 2121.807591 2119.669931 2117.554603 2115.461692 2113.390874 2111.342086 2109.315249 2107.310159 2105.326774 2103.364958 2101.424586 2099.505573 2097.607768 2095.731103 2093.875440 2092.040669 2090.226741 2088.433492 2086.660845 2084.908698 2083.176947 2081.465506 2079.774268 2077.866688 2076.451773 2074.820864 2073.209555 2071.617957 2070.046052 2068.493703 2066.960861 2065.447417 2063.953306 2062.478436 2061.022735 2059.586112 2058.168514 2056.769835 2055.390022 2054.028989 2052.686700 2051.362972 2050.057880 2048.771270 2047.503096 2046.253290 2045.021771 2043.808500 2042.613394 2041.436399 2040.277472 2039.136493 2038.013457 2036.908301 2035.820941 2034.751348 2033.699454 2032.665250 2031.648550 2030.649433 2029.667817 2028.703624 2027.756824 2026.827370 2025.915214 2025.020302 2024.142591 2023.282042 2022.438606 2021.612231 2020.802898 2020.010554 2019.235161 2018.476675 2017.735060 2017.010279 2016.302333 2015.611100 2014.936601 2014.278802 2013.637667 2013.013165 2012.405264 2011.813927 2011.239136 2010.680850 2010.139050 2009.613707 2009.104795 2008.612289 2008.136162 2007.676395 2007.232958 2006.805840 2006.395012 2006.000455 2005.622144 2005.260076 2004.914225 2004.584569 2004.271096 2003.973788 2003.692635 2003.427622 2003.178735 2002.945959 2002.729293 2002.528718 2002.344222 2002.175795 2002.023441 2001.887141 2001.766892 2001.662685 2001.574525 2001.502392 2001.446296 2001.406233 2001.382190 1000.687089 
 >
 log_likelihood: -25573189.009263 
 distance: 2294.795583 
 breakpoints: 23 24 25 
 thetas: 1000798.208050 1060106.946486 955946.281412 500789.918539 
 se_thetas: 122.398770 29694.098776 35762.934466 1133.032751 
 residues: -253.131863 740.284033 -296.954409 760.700624 -519.844672 -868.624558 -194.084804 425.049333 -130.515983 180.640967 -112.304076 238.097670 -170.229166 201.659974 -138.943496 -90.572165 106.894605 306.216085 3.938363 316.696899 -243.709062 47.918906 -305.169736 -0.433809 -15.099942 -123.438101 58.802946 -126.162392 -137.805247 97.998733 115.195814 242.738395 -12.264564 195.576639 89.035019 6.352754 -177.687229 -154.700658 69.349019 -2.805573 -327.699824 -189.102872 -51.993048 13.467606 125.953088 137.990944 -187.019809 -26.799976 81.826669 185.939643 74.540471 -71.457146 -60.201996 69.092060 195.153653 -44.340955 51.236803 28.471633 -13.091520 -145.944363 -21.612198 87.348526 -0.646647 6.791239 -22.972740 -59.596200 109.242750 4.846858 -156.499133 -65.526673 55.017226 274.371483 133.761458 -58.599617 -106.510283 -26.779680 194.772788 0.318383 5.019511 -184.969800 74.496800 116.558299 22.346901 -151.011674 -40.397634 37.302397 33.197507 149.391119 -190.018199 -119.936368 16.727079 -26.942558 106.136930 -89.955928 -106.146149 -147.361888 102.465526 30.401975 -137.489552 98.851421 2.482788 -131.539833 0.836816 100.663953 -55.009293 4.864275 -24.670031 34.431427 -5.789517 -54.292430 -28.038787 106.008993 19.887112 70.628891 73.268917 67.838916 10.369765 -108.108733 73.432332 50.020560 107.682756 13.444618 51.331139 -58.633316 -110.425493 42.976018 21.594099 -107.550698 25.561934 84.951585 59.637144 -154.362991 -103.031107 -151.349984 -92.303208 1.125722 53.951968 -15.809209 25.856790 -8.035919 -41.473576 -57.442895 4.069043 5.074378 66.586192 -12.384669 13.173472 106.271723 82.920779 -74.868897 -25.087188 -56.724298 3.229359 15.783044 -65.054286 68.726174 99.132845 111.174183 62.858014 32.192207 -183.815593 83.841928 -62.828012 -121.818466 -53.122594 -81.733823 -50.645584 -8.851924 -36.346471 48.876655 113.823186 -26.501211 99.908880 -113.941109 102.953942 56.599160 34.999429 26.159592 -12.915679 49.778183 4.245727 -6.508841 132.518843 0.332783 -125.062878 -10.664288 -50.467526 4.531078 22.335230 -7.051551 -143.625759 13.615991 76.677037 -27.439390 19.269854 64.807869 -33.822332 -27.617782 -1.575638 81.306738 21.032668 -4.395717 50.024353 35.295473 -45.579865 29.400813 -132.760106 -12.060295 72.502609 8.930657 -6.773760 -45.608611 80.428327 -1.661030 -6.874613 38.789544 -47.666668 105.758658 -46.932647 37.261237 -99.658020 -80.688475 34.171399 -0.076720 1.568818 55.109554 81.547087 -21.117069 17.118591 -15.744469 -14.704842 18.238881 -14.911872 -1.155797 9.508448 4.082130 -98.433474 61.962943 116.272593 -10.503459 -42.363897 -32.307618 9.666539 -0.440275 -59.627173 103.107107 -19.236457 47.343205 -48.152940 49.276099 43.631296 8.913596 27.123985 38.263330 -64.667466 -85.667513 -26.735956 -29.871864 -39.074480 6.657023 32.323476 113.925654 18.464378 2.940372 -43.645579 33.707190 -5.000516 -72.768000 -50.594573 65.520458 6.577860 7.577986 -21.478157 -2.590068 -30.757098 -64.978617 49.745879 -44.582856 25.035693 52.602122 -35.883017 35.580855 74.994278 -35.642163 98.672006 -3.062668 80.154343 -55.676467 59.445696 26.520405 39.549214 -10.467949 24.469506 -37.637946 -15.789884 101.014127 17.774582 51.491831 67.166358 32.798604 -2.611059 38.937760 53.445529 21.912541 -94.660755 -8.273936 4.073325 -8.618633 -56.349345 -105.118607 17.074076 -12.771013 -14.653512 -40.573077 -28.529387 2.477882 -51.550927 -24.615531 -14.715590 35.149215 28.979171 -26.225349 -63.464275 73.262868 -6.043549 -41.383376 -6.756382 3.837776 -29.600577 -28.071229 19.426051 54.891565 34.325565 15.728298 26.100718 -31.559056 -40.248647 -24.968548 -21.718499 4.501732 -75.307663 -104.146432 2.985657 10.088804 -97.836796 35.209146 17.226759 15.216277 33.177910 34.111862 105.018307 44.897460 -76.250478 15.574654 4.373071 -11.855052 -13.109532 -30.390207 -27.696916 -46.029366 6.612473 5.228839 17.819886 11.385774 -35.073323 -24.557250 18.934155 -70.598968 41.843569 13.261884 5.656158 -22.973508 -3.626923 -1.303952 -31.004479 -87.728323 -8.475377 -32.245499 -2.038544 -27.854393 30.307104 -42.553960 11.562640 -50.343180 -24.271097 25.778952 -68.192954 45.813388 0.798020 -64.238922 -9.297313 48.622931 -54.478040 29.399844 -3.743281 -64.907304 23.907823 0.702264 -46.523905 63.229420 -11.037660 24.674943 43.367335 53.276079 15.692112 3.324150 55.936580 1.529288 -38.897704 -43.344262 4.189664 -15.295818 -9.800642 50.675284 -49.867969 -30.430311 123.988313 40.388007 122.768826 8.130853 107.474127 -123.201171 -8.895116 130.392447 22.661562 10.912299 39.144738 -23.641082 17.554921 -8.267198 -22.107396 -60.965553 -61.841666 9.264331 -2.647480 -23.577070 -80.524370 -36.489372 12.528110 13.527997 -29.489629 -4.524690 29.422844 -81.646980 -23.734113 -74.838504 21.039893 -1.098885 -82.254788 -10.427764 -11.617794 83.175173 12.951178 -35.289738 63.452464 -20.822181 19.886327 37.578109 9.253144 -29.088533 -34.446888 29.178113 -62.213500 -4.621690 120.953561 -9.487706 -37.945471 43.580294 -1.910385 16.582517 -43.940972 -53.480835 24.962959 -17.609578 -7.198418 -4.803542 -64.424926 33.937435 46.283567 75.613489 -29.072783 -40.775234 -50.493853 87.771375 -48.979536 -4.746571 29.470272 -35.328990 28.855656 -16.975781 -45.823303 13.313108 24.433455 4.537747 50.625979 18.698171 -4.245688 19.794408 9.818470 -18.586755 
 fitted_sfs: 991996.131863 491676.715967 324955.954409 241634.299376 191671.844672 158388.624558 134636.084804 116839.950667 103014.515983 91968.359033 82943.304076 75433.902330 69090.229166 63662.340026 58966.943496 54866.572165 51256.105395 48053.783915 45195.061637 42628.303101 40311.709062 38211.081094 36298.169736 34549.433809 32945.099942 31468.438101 30105.197054 28843.162392 27671.805247 26582.001267 25565.804186 24616.261605 23727.264564 22893.423361 22109.964981 21372.647246 20677.687229 20021.700658 19401.650981 18814.805573 18258.699824 17731.102872 17229.993048 16753.532394 16300.046912 15868.009056 15456.019809 15062.799976 14687.173331 14328.060357 13984.459529 13655.457146 13340.201996 13037.907940 12747.846347 12469.340955 12201.763197 11944.528367 11697.091520 11458.944363 11229.612198 11008.651474 10795.646647 10590.208761 10391.972740 10200.596200 10015.757250 9837.153142 9664.499133 9497.526673 9335.982774 9179.628517 9028.238542 8881.599617 8739.510283 8601.779680 8468.227212 8338.681617 8212.980489 8090.969800 7972.503200 7857.441701 7745.653099 7637.011674 7531.397634 7428.697603 7328.802493 7231.608881 7137.018199 7044.936368 6955.272921 6867.942558 6782.863070 6699.955928 6619.146149 6540.361888 6463.534474 6388.598025 6315.489552 6244.148579 6174.517212 6106.539833 6040.163184 5975.336047 5912.009293 5850.135725 5789.670031 5730.568573 5672.789517 5616.292430 5561.038787 5506.991007 5454.112888 5402.371109 5351.731083 5302.161084 5253.630235 5206.108733 5159.567668 5113.979440 5069.317244 5025.555382 4982.668861 4940.633316 4899.425493 4859.023982 4819.405901 4780.550698 4742.438066 4705.048415 4668.362856 4632.362991 4597.031107 4562.349984 4528.303208 4494.874278 4462.048032 4429.809209 4398.143210 4367.035919 4336.473576 4306.442895 4276.930957 4247.925622 4219.413808 4191.384669 4163.826528 4136.728277 4110.079221 4083.868897 4058.087188 4032.724298 4007.770641 3983.216956 3959.054286 3935.273826 3911.867155 3888.825817 3866.141986 3843.807793 3821.815593 3800.158072 3778.828012 3757.818466 3737.122594 3716.733823 3696.645584 3676.851924 3657.346471 3638.123345 3619.176814 3600.501211 3582.091120 3563.941109 3546.046058 3528.400840 3511.000571 3493.840408 3476.915679 3460.221817 3443.754273 3427.508841 3411.481157 3395.667217 3380.062878 3364.664288 3349.467526 3334.468922 3319.664770 3305.051551 3290.625759 3276.384009 3262.322963 3248.439390 3234.730146 3221.192131 3207.822332 3194.617782 3181.575638 3168.693262 3155.967332 3143.395717 3130.975647 3118.704527 3106.579865 3094.599187 3082.760106 3071.060295 3059.497391 3048.069343 3036.773760 3025.608611 3014.571673 3003.661030 2992.874613 2982.210456 2971.666668 2961.241342 2950.932647 2940.738763 2930.658020 2920.688475 2910.828601 2901.076720 2891.431182 2881.890446 2872.452913 2863.117069 2853.881409 2844.744469 2835.704842 2826.761119 2817.911872 2809.155797 2800.491552 2791.917870 2783.433474 2775.037057 2766.727407 2758.503459 2750.363897 2742.307618 2734.333461 2726.440275 2718.627173 2710.892893 2703.236457 2695.656795 2688.152940 2680.723901 2673.368704 2666.086404 2658.876015 2651.736670 2644.667466 2637.667513 2630.735956 2623.871864 2617.074480 2610.342977 2603.676524 2597.074346 2590.535622 2584.059628 2577.645579 2571.292810 2565.000516 2558.768000 2552.594573 2546.479542 2540.422140 2534.422014 2528.478157 2522.590068 2516.757098 2510.978617 2505.254121 2499.582856 2493.964307 2488.397878 2482.883017 2477.419145 2472.005722 2466.642163 2461.327994 2456.062668 2450.845657 2445.676467 2440.554304 2435.479595 2430.450786 2425.467949 2420.530494 2415.637946 2410.789884 2405.985873 2401.225418 2396.508169 2391.833642 2387.201396 2382.611059 2378.062240 2373.554471 2369.087459 2364.660755 2360.273936 2355.926675 2351.618633 2347.349345 2343.118607 2338.925924 2334.771013 2330.653512 2326.573077 2322.529387 2318.522118 2314.550927 2310.615531 2306.715590 2302.850785 2299.020829 2295.225349 2291.464275 2287.737132 2284.043549 2280.383376 2276.756382 2273.162224 2269.600577 2266.071229 2262.573949 2259.108435 2255.674435 2252.271702 2248.899282 2245.559056 2242.248647 2238.968548 2235.718499 2232.498268 2229.307663 2226.146432 2223.014343 2219.911196 2216.836796 2213.790854 2210.773241 2207.783723 2204.822090 2201.888138 2198.981693 2196.102540 2193.250478 2190.425346 2187.626929 2184.855052 2182.109532 2179.390207 2176.696916 2174.029366 2171.387527 2168.771161 2166.180114 2163.614226 2161.073323 2158.557250 2156.065845 2153.598968 2151.156431 2148.738116 2146.343842 2143.973508 2141.626923 2139.303952 2137.004479 2134.728323 2132.475377 2130.245499 2128.038544 2125.854393 2123.692896 2121.553960 2119.437360 2117.343180 2115.271097 2113.221048 2111.192954 2109.186612 2107.201980 2105.238922 2103.297313 2101.377069 2099.478040 2097.600156 2095.743281 2093.907304 2092.092177 2090.297736 2088.523905 2086.770580 2085.037660 2083.325057 2081.632665 2079.723921 2078.307888 2076.675850 2075.063420 2073.470712 2071.897704 2070.344262 2068.810336 2067.295818 2065.800642 2064.324716 2062.867969 2061.430311 2060.011687 2058.611993 2057.231174 2055.869147 2054.525873 2053.201171 2051.895116 2050.607553 2049.338438 2048.087701 2046.855262 2045.641082 2044.445079 2043.267198 2042.107396 2040.965553 2039.841666 2038.735669 2037.647480 2036.577070 2035.524370 2034.489372 2033.471890 2032.472003 2031.489629 2030.524690 2029.577156 2028.646980 2027.734113 2026.838504 2025.960107 2025.098885 2024.254788 2023.427764 2022.617794 2021.824827 2021.048822 2020.289738 2019.547536 2018.822181 2018.113673 2017.421891 2016.746856 2016.088533 2015.446888 2014.821887 2014.213500 2013.621690 2013.046439 2012.487706 2011.945471 2011.419706 2010.910385 2010.417483 2009.940972 2009.480835 2009.037041 2008.609578 2008.198418 2007.803542 2007.424926 2007.062565 2006.716433 2006.386511 2006.072783 2005.775234 2005.493853 2005.228625 2004.979536 2004.746571 2004.529728 2004.328990 2004.144344 2003.975781 2003.823303 2003.686892 2003.566545 2003.462253 2003.374021 2003.301829 2003.245688 2003.205592 2003.181530 1001.586755 
