0.0001
0.000133
0.000178
0.000237
0.000316
0.000421
0.000562
0.000749
0.000999
0.001332
0.001776
0.002368
0.003157
0.004209
0.005612
0.007483
0.009977
0.013303
0.017738
0.02365
0.031534
0.042045
0.05606
0.074747
0.099662
0.132883
0.177177
0.236236
0.314981
0.419975
0.559967
0.746622
0.995496
1.327328
2.0
>
-2297013.341306 93250.878816 4594026.682612
 602933.646239  
>
-2285944.052757 710.934473 4571892.105514
25.0 1002052.661718 500546.550056  
>
-2285943.557794 502.60766 4571895.115588
26.0 31.0 959692.395637 436515.350398 517780.230134  
>
-2285943.441506 410.979192 4571898.883012
17.0 29.0 34.0 1386300.697682 815699.514931 5475.502337 1204503.969533  
