0.000100
0.000133
0.000178
0.000237
0.000316
0.000421
0.000562
0.000749
0.000999
0.001332
0.001776
0.002368
0.003157
0.004209
0.005612
0.007483
0.009977
0.013303
0.017738
0.023650
0.031534
0.042045
0.056060
0.074747
0.099662
0.132883
0.177177
0.236236
0.314981
0.419975
0.559967
0.746622
0.995496
1.327328
2.000000
 >
 log_likelihood: -2297013.341306 
 distance: 93250.878816 
 breakpoints: 
 thetas: 602933.646239 
 se_thetas: 32441.721001 
 residues: 58076.726401 -35885.528899 -43329.260114 -41950.352600 -19944.729248 
 fitted_sfs: 669926.273599 376833.528899 287111.260114 251222.352600 120586.729248 
 >
 log_likelihood: -2285944.052757 
 distance: 710.934473 
 breakpoints: 25 
 thetas: 1002052.661718 500546.550056 
 se_thetas: 1779.897348 533.555915 
 residues: -59.943504 413.003982 -115.644218 -474.022609 305.272500 
 fitted_sfs: 728062.943504 340534.996018 243897.644218 209746.022609 100336.727500 
 >
 log_likelihood: -2285943.557794 
 distance: 502.607660 
 breakpoints: 26 31 
 thetas: 959692.395637 436515.350398 517780.230134 
 se_thetas: 3765.022297 6259.512937 2762.938937 
 residues: 8.209188 -86.933042 249.893193 -315.416665 288.193415 
 fitted_sfs: 727994.790812 341034.933042 243532.106807 209587.416665 100353.806585 
 >
 log_likelihood: -2285943.441506 
 distance: 410.979192 
 breakpoints: 17 29 34 
 thetas: 1386300.697682 815699.514931 5475.502337 1204503.969533 
 se_thetas: 169220.448749 30364.046202 96828.953480 146475.013276 
 residues: 0.211005 -11.785767 84.389825 -235.678975 325.727988 
 fitted_sfs: 728002.788995 340959.785767 243697.610175 209507.678975 100316.272012 
