0.0001
0.000133
0.000178
0.000237
0.000316
0.000421
0.000562
0.000749
0.000999
0.001332
0.001776
0.002368
0.003157
0.004209
0.005612
0.007483
0.009977
0.013303
0.017738
0.02365
0.031534
0.042045
0.05606
0.074747
0.099662
0.132883
0.177177
0.236236
0.314981
0.419975
0.559967
0.746622
0.995496
1.327328
2.0
>
-2857756.365999 66872.552636 5715512.731998
 647418.242576  
>
-2851927.026349 5745.646228 5703858.052698
34.0 537610.135092 1111951.039380  
>
-2851885.213343 688.521944 5703778.426686
24.0 28.0 716280.224858 215990.127610 771438.996537  
>
-2851885.166688 593.497833 5703782.333376
20.0 21.0 28.0 130539.272287 4721434.228542 235370.775076 771478.604497  
