0.000100
0.000133
0.000178
0.000237
0.000316
0.000421
0.000562
0.000749
0.000999
0.001332
0.001776
0.002368
0.003157
0.004209
0.005612
0.007483
0.009977
0.013303
0.017738
0.023650
0.031534
0.042045
0.056060
0.074747
0.099662
0.132883
0.177177
0.236236
0.314981
0.419975
0.559967
0.746622
0.995496
1.327328
2.000000
 >
 log_likelihood: -2857756.365999 
 distance: 66872.552636 
 breakpoints: 
 thetas: 647418.242576 
 se_thetas: 23264.774796 
 residues: -37418.602862 9657.598390 31154.598773 39940.398927 20314.351485 
 fitted_sfs: 719353.602862 404636.401610 308294.401227 269757.601073 129483.648515 
 >
 log_likelihood: -2851927.026349 
 distance: 5745.646228 
 breakpoints: 34 
 thetas: 537610.135092 1111951.039380 
 se_thetas: 5934.552905 23243.820570 
 residues: 1422.874020 -4822.830722 374.416666 2648.463379 757.390048 
 fitted_sfs: 680512.125980 419116.830722 339074.583334 307049.536621 149040.609952 
 >
 log_likelihood: -2851885.213343 
 distance: 688.521944 
 breakpoints: 24 28 
 thetas: 716280.224858 215990.127610 771438.996537 
 se_thetas: 9118.563024 10725.696990 1404.539113 
 residues: -7.106479 97.473937 -331.551163 442.774513 -398.164984 
 fitted_sfs: 681942.106479 414196.526063 339780.551163 309255.225487 150196.164984 
 >
 log_likelihood: -2851885.166688 
 distance: 593.497833 
 breakpoints: 20 21 28 
 thetas: 130539.272287 4721434.228542 235370.775076 771478.604497 
 se_thetas: 456792.347675 2095999.117254 43102.894209 3226.279197 
 residues: -0.192513 8.150692 -89.196529 324.762396 -488.617010 
 fitted_sfs: 681935.192513 414285.849308 339538.196529 309373.237604 150286.617010 
