0.0001
0.000133
0.000178
0.000237
0.000316
0.000421
0.000562
0.000749
0.000999
0.001332
0.001776
0.002368
0.003157
0.004209
0.005612
0.007483
0.009977
0.013303
0.017738
0.02365
0.031534
0.042045
0.05606
0.074747
0.099662
0.132883
0.177177
0.236236
0.314981
0.419975
0.559967
0.746622
0.995496
1.327328
2.0
>
-9073189.637148 94951.243034 18146379.274296
 606769.729318  
>
-9054279.139438 1399.817481 18108562.278876
17.0 1002507.894812 499506.271801  
>
-9054278.029662 1290.108499 18108564.059324
15.0 16.0 954254.543090 1765751.727746 500176.238200  
>
-9054277.061333 1173.548694 18108566.122666
12.0 13.0 20.0 150428.547538 6452481.042056 555767.807352 499850.560346  
