0.000100
0.000133
0.000178
0.000237
0.000316
0.000421
0.000562
0.000749
0.000999
0.001332
0.001776
0.002368
0.003157
0.004209
0.005612
0.007483
0.009977
0.013303
0.017738
0.023650
0.031534
0.042045
0.056060
0.074747
0.099662
0.132883
0.177177
0.236236
0.314981
0.419975
0.559967
0.746622
0.995496
1.327328
2.000000
 >
 log_likelihood: -9073189.637148 
 distance: 94951.243034 
 breakpoints: 
 thetas: 606769.729318 
 se_thetas: 10289.014965 
 residues: 59589.283518 -26879.392511 -31416.934472 -26129.950344 -22172.995641 -18498.285342 -16510.795593 -14352.539312 -13054.658036 -11860.858815 -11114.521888 -10029.254676 -9609.959244 -8847.156925 -8269.782691 -7667.557224 -7696.815689 -7361.060265 -7033.233221 -6971.108084 -6723.426130 -6069.541333 -6203.418923 -6142.884285 -5498.052240 -5414.888221 -5249.867029 -5164.704824 -5275.146613 -5143.806864 -5084.981268 -5115.638290 -4738.226192 -4614.649263 -4473.196891 -4757.491744 -4643.447418 -4568.232992 -4293.242934 -4512.072049 -4377.494404 -4177.445377 -4269.006915 -4022.394859 -4077.948653 -4472.122743 -4554.479704 -4271.684674 -4383.501372 -1946.394583 
 fitted_sfs: 612898.716482 309576.392511 208511.934472 158012.950344 127740.995641 107583.285342 93205.795593 82441.539312 74086.658036 67418.858815 61978.521888 57459.254676 53648.959244 50396.156925 47589.782691 45146.557224 43002.815689 41109.060265 39426.233221 37923.108084 36574.426130 35359.541333 34261.418923 33265.884285 32361.052240 31536.888221 30784.867029 30097.704824 29469.146613 28893.806864 28366.981268 27884.638290 27443.226192 27039.649263 26671.196891 26335.491744 26030.447418 25754.232992 25505.242934 25282.072049 25083.494404 24908.445377 24756.006915 24625.394859 24515.948653 24427.122743 24358.479704 24309.684674 24280.501372 12135.394583 
 >
 log_likelihood: -9054279.139438 
 distance: 1399.817481 
 breakpoints: 17 
 thetas: 1002507.894812 499506.271801 
 se_thetas: 856.011797 274.945724 
 residues: 24.097711 -12.946508 -682.834078 296.990825 16.197197 414.139950 -63.279608 213.132258 39.917934 56.648725 -158.277465 128.216550 -126.025891 61.763796 143.036279 313.354457 -94.869828 -93.888383 -63.547878 -267.141993 -257.877161 181.242906 -146.758413 -262.212274 222.665488 160.135557 192.216058 155.903190 -65.653758 -36.029844 -70.326872 -186.251452 113.128686 165.362208 241.680364 -101.959746 -41.840488 -15.454659 215.519465 -42.761316 56.712183 225.816424 107.307137 330.829878 255.928423 -153.948114 -248.439662 25.729486 -91.246168 198.874570 
 fitted_sfs: 672463.902289 282709.946508 177777.834078 131586.009175 105551.802803 88670.860050 76758.279608 67875.867742 60992.082066 55501.351275 51022.277465 47301.783450 44165.025891 41487.236204 39176.963721 37165.645543 35400.869828 33841.888383 32456.547878 31219.141993 30108.877161 29108.757094 28204.758413 27385.212274 26640.334512 25961.864443 25342.783942 24777.096810 24259.653758 23786.029844 23352.326872 22955.251452 22591.871314 22259.637792 21956.319636 21679.959746 21428.840488 21201.454659 20996.480535 20812.761316 20649.287817 20505.183576 20379.692863 20272.170122 20182.071577 20108.948114 20052.439662 20012.270514 19988.246168 9990.125430 
 >
 log_likelihood: -9054278.029662 
 distance: 1290.108499 
 breakpoints: 15 16 
 thetas: 954254.543090 1765751.727746 500176.238200 
 se_thetas: 7348.116560 32332.532374 319.015122 
 residues: -4.808056 91.720032 -394.449024 392.999609 -13.837936 336.019791 -152.241457 126.690513 -40.421959 -17.335580 -226.571314 64.815037 -185.249912 6.122475 90.490986 263.506082 -142.351409 -139.279034 -107.080451 -309.014891 -298.260909 142.200575 -184.588250 -298.942888 186.933947 125.314019 158.224865 122.670729 -98.192196 -67.932207 -101.648349 -217.040350 82.827182 135.506308 212.231292 -131.038147 -70.582076 -43.891263 187.357784 -70.676583 29.016177 198.313698 79.972727 303.639683 228.859073 -180.919387 -275.335142 -1.112117 -118.055548 185.475241 
 fitted_sfs: 672492.808056 282605.279968 177489.449024 131490.000391 105581.837936 88748.980209 76847.241457 67962.309487 61072.421959 55575.335580 51090.571314 47365.184963 44224.249912 41542.877525 39229.509014 37215.493918 35448.351409 33887.279034 32500.080451 31261.014891 30149.260909 29147.799425 28242.588250 27421.942888 26676.066053 25996.685981 25376.775135 24810.329271 24292.192196 23817.932207 23383.648349 22986.040350 22622.172818 22289.493692 21985.768708 21709.038147 21457.582076 21229.891263 21024.642216 20840.676583 20676.983823 20532.686302 20407.027273 20299.360317 20209.140927 20135.919387 20079.335142 20039.112117 20015.055548 10003.524759 
 >
 log_likelihood: -9054277.061333 
 distance: 1173.548694 
 breakpoints: 12 13 20 
 thetas: 150428.547538 6452481.042056 555767.807352 499850.560346 
 se_thetas: 71225.948213 317369.794802 5824.119914 364.791941 
 residues: -0.251905 9.773850 -87.216002 216.425676 -213.665734 226.066174 -191.666824 126.188221 -22.446405 8.357031 -198.339459 93.242453 -157.611346 32.617343 115.768330 287.610559 -119.331089 -117.243300 -85.932723 -288.666651 -278.633069 161.177978 -166.199477 -281.088070 204.303290 142.241073 174.748303 138.825365 -82.374953 -52.414224 -86.422645 -202.073544 97.557164 150.019590 226.546799 -116.902800 -56.610482 -30.067926 201.047483 -57.106679 42.479518 211.683072 93.260285 316.857129 242.017766 -167.808381 -262.260955 11.935882 -105.023223 191.988794 
 fitted_sfs: 672488.251905 282687.226150 177182.216002 131666.574324 105781.665734 88858.933826 76886.666824 67962.811779 61054.446405 55549.642969 51062.339459 47336.757547 44196.611346 41516.382657 39204.231670 37191.389441 35425.331089 33865.243300 32478.932723 31240.666651 30129.633069 29128.822022 28224.199477 27404.088070 26658.696710 25979.758927 25360.251697 24794.174635 24276.374953 23802.414224 23368.422645 22971.073544 22607.442836 22274.980410 21971.453201 21694.902800 21443.610482 21216.067926 21010.952517 20827.106679 20663.520482 20519.316928 20393.739715 20286.142871 20195.982234 20122.808381 20066.260955 20026.064118 20002.023223 9997.011206 
