0.0001
0.000133
0.000178
0.000237
0.000316
0.000421
0.000562
0.000749
0.000999
0.001332
0.001776
0.002368
0.003157
0.004209
0.005612
0.007483
0.009977
0.013303
0.017738
0.02365
0.031534
0.042045
0.05606
0.074747
0.099662
0.132883
0.177177
0.236236
0.314981
0.419975
0.559967
0.746622
0.995496
1.327328
2.0
>
-60162591.25077 161104.276034 120325182.50154
 1063488.416648  
>
-59767486.29735 3280.769277 119534976.5947
25.0 999998.034151 1998290.581587  
>
-59767483.19091 3251.753311 119534974.38182
22.0 25.0 1000278.499603 992861.046220 2000715.702223  
>
-59767483.045121 3243.17416 119534978.090242
14.0 16.0 25.0 999301.604655 1009479.778628 996920.351309 2000311.477846  
