0.000100
0.000133
0.000178
0.000237
0.000316
0.000421
0.000562
0.000749
0.000999
0.001332
0.001776
0.002368
0.003157
0.004209
0.005612
0.007483
0.009977
0.013303
0.017738
0.023650
0.031534
0.042045
0.056060
0.074747
0.099662
0.132883
0.177177
0.236236
0.314981
0.419975
0.559967
0.746622
0.995496
1.327328
2.000000
 >
 log_likelihood: -60162591.250770 
 distance: 161104.276034 
 breakpoints: 
 thetas: 1063488.416648 
 se_thetas: 5599.469543 
 residues: -43388.969612 -12518.827986 -1265.827358 4209.136377 6781.484096 8382.022689 9513.098028 10560.882978 10850.473639 11654.927607 12802.917953 12825.559992 12530.702884 13336.953007 13165.088483 14239.193060 13269.977548 13895.328076 14055.839390 13493.386922 14265.393777 13916.206154 13531.848668 13345.342746 13293.706010 13775.722129 13602.540708 13049.146952 13771.734957 13713.006322 13378.410772 13401.341909 13171.297061 13312.009244 13391.556147 13161.451366 13508.720470 12775.965391 13030.418542 13525.989361 12989.302468 12709.734073 12696.438071 12555.373119 12461.323620 12268.918333 12227.649410 12106.881649 11928.870408 12174.768248 12261.644824 11899.476440 12134.172964 11917.575087 12151.462356 11722.558639 11522.537088 11145.024212 11555.604237 11231.822405 11334.188224 11217.178070 10999.238520 11083.787862 11004.218970 10961.900573 10953.179579 10904.382521 10824.816759 10792.772408 10535.523009 10444.327113 10391.428824 10445.059319 10566.437228 10444.769874 10354.253640 10427.074947 10342.410767 10369.429129 9992.289866 10333.144945 10195.139087 10012.410084 9722.089387 9899.301591 9735.166697 9841.798644 9595.306175 9607.793223 9599.359844 9494.100563 9352.106587 9379.465169 9250.259756 8938.570425 8913.473840 9149.043666 9035.350453 9173.462046 8983.443507 8723.357444 8854.263920 8587.220793 8702.283667 8822.506054 8744.939428 8775.633448 8479.635825 8565.992738 8594.748313 8295.945629 8461.626272 8516.828731 8563.592804 8214.955216 8486.951759 8400.617046 8112.984714 8139.086971 8357.955151 8133.619375 7997.108988 7941.452635 7866.677747 7688.809767 7779.875671 7712.899927 7623.906716 7738.919424 7472.960665 7615.052499 7829.216232 7620.472616 7411.841520 7178.342874 7599.995160 7388.816936 7308.826031 7528.039732 6937.474921 7385.147952 7128.074759 7196.270425 7231.751009 7183.530165 6959.622409 7310.041625 6967.801233 6966.914384 6953.393836 6801.251983 6968.500970 6933.152577 7007.218234 6873.709190 6743.636260 6699.010277 6788.841380 6724.139734 6769.915242 6608.177435 6629.935722 6708.199203 6892.976840 6634.277295 6647.109205 6337.480532 6479.399661 6609.874438 6175.912531 6388.521521 6743.708702 6390.481366 6575.846458 6229.810908 6286.381374 6261.564450 6117.366532 6235.793885 6098.852741 6255.548948 6231.888506 5934.877016 6325.520211 6189.823496 6121.792337 6071.431915 6034.747435 6095.743886 5970.426232 5793.799287 5862.867807 5984.636415 5857.109629 5731.291906 5911.187594 5887.800982 5840.136211 5821.197191 6014.988546 5666.513619 5857.776422 5801.780766 5474.530339 5412.028801 5480.279702 5575.286520 5651.052757 5624.581571 5378.876470 5598.940570 5551.777176 5497.389256 5511.779930 5357.952199 5517.908970 5300.653157 5313.187585 5545.515052 5312.638192 5424.559914 5254.282676 5508.809087 5423.141715 5324.283005 5175.235450 5195.001446 5225.583368 5379.983541 5119.204217 5259.247641 5151.116072 5215.811626 5379.336451 5260.692607 5176.882155 5355.907182 5053.769661 5093.471406 5265.014485 4913.400734 5139.632042 5096.710280 4968.637030 5146.414265 5097.043649 4873.526934 5045.865760 4897.061781 4986.116626 4856.031889 4915.809198 5044.450046 4793.955963 5014.328453 4915.568977 4957.679074 4788.660086 4703.513428 4941.240510 4903.842675 4886.321313 4969.677701 4713.913177 4745.028942 4684.026345 4729.906611 4812.670952 4870.320577 4795.856770 4736.280367 4448.592898 4671.795344 4667.888842 4732.874503 4719.753297 4696.526457 4463.194955 4563.759846 4655.222130 4741.582835 4557.842938 4559.003464 4494.065311 4496.029454 4388.896839 4506.668374 4543.345279 4580.927477 4518.416986 4621.814094 4609.119789 4524.334932 4742.460322 4485.496770 4485.445144 4629.306156 4479.080657 4420.769447 4474.373248 4354.892801 4451.328924 4403.682243 4350.953548 4288.143599 4419.253047 4398.282557 4363.232919 4342.104645 4452.898554 4442.615232 4418.255350 4399.819555 4408.308466 4426.722701 4454.062897 4415.329623 4262.523505 4123.645144 4229.695105 4458.674040 4280.582275 4182.420567 4252.189555 4282.889645 4136.521323 4235.085191 4186.581831 4200.011701 4253.375277 4214.673106 4208.905683 4085.073490 4239.177764 4283.216720 4114.193099 4202.106591 4126.957679 4245.746819 4251.474417 4111.140946 4213.746850 4130.292539 4044.778418 4004.204983 4158.572564 4188.881597 4262.132493 4141.325649 4085.461434 4091.540257 4155.562506 4104.528530 3744.438729 4085.293460 4008.093087 4052.837950 3991.528384 4044.164863 3955.747581 3930.276949 4084.753289 4139.176925 4105.548197 4013.867420 3973.134916 4060.350982 4215.515964 3974.630132 4141.693821 4159.707278 3830.670846 3996.584805 3916.449415 3848.265002 3944.031812 4000.750127 3832.420230 3924.042374 4066.616845 3769.143867 4008.623801 3859.056678 4021.442963 3913.782839 3881.076509 3839.324301 3727.526376 3960.682989 3923.794384 3869.860759 3869.882384 3910.859436 3986.792168 3883.680799 4093.525484 3804.326498 3984.084021 3942.798262 3893.469426 3919.097701 3933.683295 3987.477682 3886.727476 4000.185876 3802.602599 3886.977615 3862.311031 3795.603077 3971.853890 3860.063667 3842.232562 3906.360751 3798.448391 3885.495656 3808.502682 3627.469655 3729.396708 3793.284004 3966.131657 3932.939931 3857.708816 3817.438547 3744.129240 3865.781036 3740.394085 3839.968495 3813.504417 3894.001972 3719.461268 3833.882495 3802.265714 3760.611054 3833.918661 3800.188624 3884.421069 3771.616062 3748.773854 3638.894414 3792.977881 3918.024388 3693.034018 3851.006870 3717.943044 3868.842641 3724.705756 3789.532475 3819.322895 3740.077113 3803.795193 3767.477231 3729.123311 3757.733516 3691.307927 3753.846619 3829.349628 3757.817120 3784.249107 3854.645662 3784.006854 3961.332751 3769.623418 3805.878924 3792.099318 3870.284675 3806.435042 3764.550478 3727.631036 3697.676769 3713.687732 3694.663966 3873.605529 3825.512454 3702.384794 3793.222588 3754.025885 3774.794705 3619.529097 3895.229098 3703.894740 3654.526057 3786.123074 3702.685822 3820.214328 3824.708623 3715.168717 3809.594642 3829.986421 3775.344073 3829.667604 3663.957040 3763.212393 3906.433678 3770.620893 3797.774065 3892.893187 3800.978267 4028.029319 1932.023168 
 fitted_sfs: 1064552.969612 532809.827986 355562.827358 266939.863623 213766.515904 178317.977311 152997.901972 134008.117022 119238.526361 107423.072393 97756.082047 89700.440008 82884.297116 77042.046993 71978.911517 67548.806940 63640.022452 60165.671924 57057.160610 54259.613078 51728.606223 49427.793846 47327.151332 45401.657254 43630.293990 41995.277871 40481.459292 39075.853048 37767.265043 36545.993678 35403.589228 34332.658091 33326.702939 32379.990756 31487.443853 30644.548634 29847.279530 29092.034609 28375.581458 27695.010639 27047.697532 26431.265927 25843.561929 25282.626881 24746.676380 24234.081667 23743.350590 23273.118351 22822.129592 22389.231752 21973.355176 21573.523560 21188.827036 20818.424913 20461.537644 20117.441361 19785.462912 19464.975788 19155.395763 18856.177595 18566.811776 18286.821930 18015.761480 17753.212138 17498.781030 17252.099427 17012.820421 16780.617479 16555.183241 16336.227592 16123.476991 15916.672887 15715.571176 15519.940681 15329.562772 15144.230126 14963.746360 14787.925053 14616.589233 14449.570871 14286.710134 14127.855055 13972.860913 13821.589916 13673.910613 13529.698409 13388.833303 13251.201356 13116.693825 12985.206777 12856.640156 12730.899437 12607.893413 12487.534831 12369.740244 12254.429575 12141.526160 12030.956334 11922.649547 11816.537954 11712.556493 11610.642556 11510.736080 11412.779207 11316.716333 11222.493946 11130.060572 11039.366552 10950.364175 10863.007262 10777.251687 10693.054371 10610.373728 10529.171269 10449.407196 10371.044784 10294.048241 10218.382954 10144.015286 10070.913029 9999.044849 9928.380625 9858.891012 9790.547365 9723.322253 9657.190233 9592.124329 9528.100073 9465.093284 9403.080576 9342.039335 9281.947501 9222.783768 9164.527384 9107.158480 9050.657126 8995.004840 8940.183064 8886.173969 8832.960268 8780.525079 8728.852048 8677.925241 8627.729575 8578.248991 8529.469835 8481.377591 8433.958375 8387.198767 8341.085616 8295.606164 8250.748017 8206.499030 8162.847423 8119.781766 8077.290810 8035.363740 7993.989723 7953.158620 7912.860266 7873.084758 7833.822565 7795.064278 7756.800797 7719.023160 7681.722705 7644.890795 7608.519468 7572.600339 7537.125562 7502.087469 7467.478479 7433.291298 7399.518634 7366.153542 7333.189092 7300.618626 7268.435550 7236.633468 7205.206115 7174.147259 7143.451052 7113.111494 7083.122984 7053.479789 7024.176504 6995.207663 6966.568085 6938.252565 6910.256114 6882.573768 6855.200713 6828.132193 6801.363585 6774.890371 6748.708094 6722.812406 6697.199018 6671.863789 6646.802809 6622.011454 6597.486381 6573.223578 6549.219234 6525.469661 6501.971199 6478.720298 6455.713480 6432.947243 6410.418429 6388.123530 6366.059430 6344.222824 6322.610744 6301.220070 6280.047801 6259.091030 6238.346843 6217.812415 6197.484948 6177.361808 6157.440086 6137.717324 6118.190913 6098.858285 6079.716995 6060.764550 6041.998554 6023.416632 6005.016459 5986.795783 5968.752359 5950.883928 5933.188374 5915.663549 5898.307393 5881.117845 5864.092818 5847.230339 5830.528594 5813.985515 5797.599266 5781.367958 5765.289720 5749.362970 5733.585735 5717.956351 5702.473066 5687.134240 5671.938219 5656.883374 5641.968111 5627.190802 5612.549954 5598.044037 5583.671547 5569.431023 5555.320926 5541.339914 5527.486572 5513.759490 5500.157325 5486.678687 5473.322299 5460.086823 5446.971058 5433.973655 5421.093389 5408.329048 5395.679423 5383.143230 5370.719633 5358.407102 5346.204656 5334.111158 5322.125497 5310.246703 5298.473543 5286.805045 5275.240154 5263.777870 5252.417165 5241.157062 5229.996536 5218.934689 5207.970546 5197.103161 5186.331626 5175.654721 5165.072523 5154.583014 5144.185906 5133.880211 5123.665068 5113.539678 5103.503230 5093.554856 5083.693844 5073.919343 5064.230553 5054.626752 5045.107199 5035.671076 5026.317757 5017.046452 5007.856401 4998.746953 4989.717443 4980.767081 4971.895355 4963.101446 4954.384768 4945.744650 4937.180445 4928.691534 4920.277299 4911.937103 4903.670377 4895.476495 4887.354856 4879.304895 4871.325960 4863.417725 4855.579433 4847.810445 4840.110355 4832.478677 4824.914809 4817.418169 4809.988299 4802.624723 4795.326894 4788.094317 4780.926510 4773.822236 4766.783280 4759.806901 4752.893409 4746.042321 4739.253181 4732.525583 4725.859054 4719.253150 4712.707461 4706.221582 4699.795017 4693.427436 4687.118403 4680.867507 4674.674351 4668.538566 4662.459743 4656.437494 4650.471470 4644.561271 4638.706540 4632.906913 4627.162050 4621.471616 4615.835137 4610.252419 4604.723051 4599.246711 4593.823075 4588.451803 4583.132580 4577.865084 4572.649018 4567.484036 4562.369868 4557.306179 4552.292722 4547.329154 4542.415195 4537.550585 4532.734998 4527.968188 4523.249873 4518.579770 4513.957626 4509.383155 4504.856133 4500.376199 4495.943322 4491.557037 4487.217161 4482.923491 4478.675699 4474.473624 4470.317011 4466.205616 4462.139241 4458.117616 4454.140564 4450.207832 4446.319201 4442.474516 4438.673502 4434.915979 4431.201738 4427.530574 4423.902299 4420.316705 4416.522318 4413.272524 4409.814124 4406.397401 4403.022385 4399.688969 4396.396923 4393.146110 4389.936333 4386.767438 4383.639249 4380.551609 4377.504344 4374.497318 4371.530345 4368.603292 4365.715996 4362.868343 4360.060069 4357.291184 4354.561453 4351.870760 4349.218964 4346.605915 4344.031505 4341.495583 4338.998028 4336.538732 4334.117505 4331.734286 4329.388946 4327.081339 4324.811376 4322.578931 4320.383938 4318.226146 4316.105586 4314.022119 4311.975612 4309.965982 4307.993130 4306.056956 4304.157359 4302.294244 4300.467525 4298.677105 4296.922887 4295.204807 4293.522769 4291.876689 4290.266484 4288.692073 4287.153381 4285.650372 4284.182880 4282.750893 4281.354338 4279.993146 4278.667249 4277.376582 4276.121076 4274.900682 4273.715325 4272.564958 4271.449522 4270.368964 4269.323231 4268.312268 4267.336034 4266.394471 4265.487546 4264.615206 4263.777412 4262.974115 4262.205295 4261.470903 4260.770902 4260.105260 4259.473943 4258.876926 4258.314178 4257.785672 4257.291377 4256.831283 4256.405358 4256.013579 4255.655927 4255.332396 4255.042960 4254.787607 4254.566322 4254.379107 4254.225935 4254.106813 4254.021733 4253.970681 2126.976832 
 >
 log_likelihood: -59767486.297350 
 distance: 3280.769277 
 breakpoints: 25 
 thetas: 999998.034151 1998290.581587 
 se_thetas: 128.011381 860.826442 
 residues: 169.353596 -531.937584 311.020235 664.762135 230.216111 -119.958083 -336.891755 -261.138183 -693.549365 -436.626936 290.227632 -13.912284 -563.373368 44.617309 -280.767432 675.857609 -381.443534 180.050230 296.860317 -292.392416 467.084283 117.487671 -256.929457 -424.619072 -449.798196 65.274999 -69.134732 -578.798075 191.829844 184.890259 -94.652987 -13.829365 -183.511357 19.709635 163.625771 -0.501441 414.130389 -250.074924 73.938756 639.923650 174.363946 -33.489960 25.403073 -43.099606 -64.304704 -183.665484 -151.763860 -199.301695 -304.083957 14.987540 174.932830 -114.316016 193.110417 49.016314 355.148190 -1.799978 -130.182073 -436.396012 45.120362 -208.107623 -35.588401 -82.861729 -231.495543 -78.084539 -89.247467 -63.625938 -4.882232 13.302061 0.227171 34.176968 -157.580410 -183.791063 -172.214814 -54.623785 130.197969 71.455624 43.343935 178.048159 154.744536 242.600768 -74.223274 326.424756 247.690267 123.712034 -108.377253 126.548530 19.611070 182.926240 -7.395088 60.753321 107.473949 56.863966 -30.982688 50.024105 -26.029223 -285.059510 -257.986907 29.265511 -33.228356 155.602749 15.827370 -194.488355 -14.280773 -232.488399 -69.051960 99.085762 68.979975 146.684096 -102.750381 29.726516 104.162738 -149.394826 61.099221 160.687286 251.412923 -53.683278 261.438313 217.816141 -27.512342 40.488897 300.854993 117.619870 21.816648 6.477718 -28.365741 -166.684488 -36.447910 -64.627820 -115.196366 37.873488 -190.392011 -10.967201 240.172808 68.052321 -104.305248 -301.876488 155.360591 -20.572009 -65.653033 188.138212 -368.178023 113.417964 -110.054577 -8.577252 59.869199 44.301720 -147.261986 235.195137 -75.310342 -44.762156 -27.144460 -148.441797 49.361005 44.278727 148.325776 44.516338 -56.135850 -71.617083 47.085650 10.985335 85.094675 -48.574024 0.991386 106.802722 318.871633 87.209441 126.827404 -156.263891 11.946501 168.468976 -239.686272 -1.509169 379.010051 50.881117 261.113392 -60.283804 20.698550 20.069385 -100.162587 42.011183 -71.400815 108.609512 108.050369 -166.070447 247.254953 134.034121 88.274631 59.983762 45.168784 127.836736 23.994601 -131.350804 -41.192748 101.475347 -5.340065 -110.632617 89.603929 86.375728 58.688771 59.548806 272.962224 -56.065810 154.470469 117.576616 -190.741956 -234.479885 -147.631934 -34.192959 59.842184 51.478295 -176.279523 61.573442 32.042062 -4.869133 26.844511 -109.812490 67.164278 -133.220791 -103.963404 144.940686 -71.504448 56.705506 -97.425583 173.106276 103.305017 20.174441 -113.281624 -78.059463 -32.155393 137.434201 -108.287154 46.684051 -46.648683 32.717994 210.787447 106.562943 37.047730 230.245068 -57.841907 -4.210224 181.143312 -156.778338 83.027823 53.564759 -61.164852 129.842023 93.588110 -116.923793 68.308988 -67.710870 34.019275 -83.497987 -11.260042 129.735581 -108.508624 124.009802 37.293263 91.344222 -65.835050 -139.242231 110.124987 84.268840 78.191592 172.895393 -71.617566 -29.345227 -79.285408 -22.436056 71.204864 139.639369 75.869539 26.897022 -250.275895 -16.647445 -10.215730 65.021117 62.064820 48.917339 -174.419618 -63.944276 37.345078 133.450177 -40.627305 -29.885656 -85.323295 -73.938575 -171.729886 -44.695660 1.165953 47.855576 -5.624204 106.727562 102.912476 26.932011 253.787573 5.480575 14.012473 166.384571 24.598294 -25.344987 36.556018 -74.697388 29.896159 -9.662162 -54.371022 -109.229133 29.764689 16.611630 -10.687007 -24.130192 94.283387 91.554821 74.685271 63.675870 79.527720 105.241914 139.819558 108.261687 -37.430614 -169.256290 -56.214328 179.696364 8.476564 -82.872548 -6.349909 31.045317 -108.685962 -3.542734 -45.524011 -25.628927 34.143394 1.793893 2.323454 -115.267052 45.023946 95.195177 -67.750383 26.187372 -42.990712 81.716180 93.308812 -41.211994 67.154555 -10.590787 -90.447277 -125.414085 34.509453 70.324101 149.030592 33.629644 -16.878058 -5.491793 63.789136 17.965384 -336.962348 9.006596 -63.127127 -13.362885 -69.700053 -12.137882 -95.675886 -116.313382 42.950227 102.115536 73.183151 -13.846346 -49.972373 41.805627 201.488250 -34.923977 136.569526 158.969256 -165.724204 4.489665 -71.388637 -135.358553 -35.419604 25.428720 -138.813072 -43.144506 103.434925 -190.074338 53.328277 -92.356974 73.870568 -29.988702 -58.934376 -96.965928 -205.082995 31.714873 -1.571886 -51.942882 -48.397659 -3.935850 75.442978 -24.260773 188.953234 -96.914554 86.136220 48.105936 1.994968 30.803674 48.532426 105.417857 7.751733 124.242455 -70.345149 16.989056 -4.754665 -68.575937 110.525529 1.550072 -13.502008 53.369605 -51.834791 37.885114 -36.470408 -214.901038 -110.406511 -43.986535 131.359134 100.630879 27.828822 -10.046687 -80.995408 42.982916 -80.111450 21.721720 -2.517315 80.171680 -92.211079 24.334701 -5.190810 -44.787378 30.545239 -1.192766 84.998830 -25.879809 -46.828344 -154.846707 1.065331 127.907992 -95.318553 64.385881 -66.978523 85.588421 -56.913113 9.517042 40.879059 -36.826887 28.399341 -6.442086 -43.351014 -13.327290 -78.370765 -14.481298 62.341216 -7.903001 19.786130 91.408742 21.964962 200.454916 9.878723 47.236509 34.528375 113.754445 50.914818 10.009600 -25.961108 -54.997209 -38.098605 -56.265210 123.503072 76.206315 -46.155391 45.418031 6.926662 28.370558 -126.250201 150.064453 -40.685420 -89.499758 42.621492 -40.321616 77.670970 82.599300 -26.536592 68.263343 88.999147 34.670854 89.278485 -76.177920 23.301663 166.717258 31.068875 58.356546 153.580273 61.740066 288.835945 62.433952 
 fitted_sfs: 1020994.646404 520822.937584 353985.979765 270484.237865 220317.783889 186819.958083 162847.891755 144830.138183 130782.549365 119514.626936 110268.772368 102539.912284 95978.373368 90334.382691 85424.767432 81112.142391 77291.443534 73880.949770 70816.139683 68045.392416 65526.915717 63226.512329 61115.929457 59171.619072 57373.798196 55705.725001 54153.134732 52703.798075 51347.170156 50074.109741 48876.652987 47747.829365 46681.511357 45672.290365 44715.374229 43806.501441 42941.869611 42118.074924 41332.061244 40581.076350 39862.636054 39174.489960 38514.596927 37881.099606 37272.304704 36686.665484 36122.763860 35579.301695 35055.083957 34549.012460 34060.067170 33587.316016 33129.889583 32686.983686 32257.851810 31841.799978 31438.182073 31046.396012 30665.879638 30296.107623 29936.588401 29586.861729 29246.495543 28915.084539 28592.247467 28277.625938 27970.882232 27671.697939 27379.772829 27094.823032 26816.580410 26544.791063 26279.214814 26019.623785 25765.802031 25517.544376 25274.656065 25036.951841 24804.255464 24576.399232 24353.223274 24134.575244 23920.309733 23710.287966 23504.377253 23302.451470 23104.388930 22910.073760 22719.395088 22532.246679 22348.526051 22168.136034 21990.982688 21816.975895 21646.029223 21478.059510 21312.986907 21150.734489 20991.228356 20834.397251 20680.172630 20528.488355 20379.280773 20232.488399 20088.051960 19945.914238 19806.020025 19668.315904 19532.750381 19399.273484 19267.837262 19138.394826 19010.900779 18885.312714 18761.587077 18639.683278 18519.561687 18401.183859 18284.512342 18169.511103 18056.145007 17944.380130 17834.183352 17725.522282 17618.365741 17512.684488 17408.447910 17305.627820 17204.196366 17104.126512 17005.392011 16907.967201 16811.827192 16716.947679 16623.305248 16530.876488 16439.639409 16349.572009 16260.653033 16172.861788 16086.178023 16000.582036 15916.054577 15832.577252 15750.130801 15668.698280 15588.261986 15508.804863 15430.310342 15352.762156 15276.144460 15200.441797 15125.638995 15051.721273 14978.674224 14906.483662 14835.135850 14764.617083 14694.914350 14626.014665 14557.905325 14490.574024 14424.008614 14358.197278 14293.128367 14228.790559 14165.172596 14102.263891 14040.053499 13978.531024 13917.686272 13857.509169 13797.989949 13739.118883 13680.886608 13623.283804 13566.301450 13509.930615 13454.162587 13398.988817 13344.400815 13290.390488 13236.949631 13184.070447 13131.745047 13079.965879 13028.725369 12978.016238 12927.831216 12878.163264 12829.005399 12780.350804 12732.192748 12684.524653 12637.340065 12590.632617 12544.396071 12498.624272 12453.311229 12408.451194 12364.037776 12320.065810 12276.529531 12233.423384 12190.741956 12148.479885 12106.631934 12065.192959 12024.157816 11983.521705 11943.279523 11903.426558 11863.957938 11824.869133 11786.155489 11747.812490 11709.835722 11672.220791 11634.963404 11598.059314 11561.504448 11525.294494 11489.425583 11453.893724 11418.694983 11383.825559 11349.281624 11315.059463 11281.155393 11247.565799 11214.287154 11181.315949 11148.648683 11116.282006 11084.212553 11052.437057 11020.952270 10989.754932 10958.841907 10928.210224 10897.856688 10867.778338 10837.972177 10808.435241 10779.164852 10750.157977 10721.411890 10692.923793 10664.691012 10636.710870 10608.980725 10581.497987 10554.260042 10527.264419 10500.508624 10473.990198 10447.706737 10421.655778 10395.835050 10370.242231 10344.875013 10319.731160 10294.808408 10270.104607 10245.617566 10221.345227 10197.285408 10173.436056 10149.795136 10126.360631 10103.130461 10080.102978 10057.275895 10034.647445 10012.215730 9989.978883 9967.935180 9946.082661 9924.419618 9902.944276 9881.654922 9860.549823 9839.627305 9818.885656 9798.323295 9777.938575 9757.729886 9737.695660 9717.834047 9698.144424 9678.624204 9659.272438 9640.087524 9621.067989 9602.212427 9583.519425 9564.987527 9546.615429 9528.401706 9510.344987 9492.443982 9474.697388 9457.103841 9439.662162 9422.371022 9405.229133 9388.235311 9371.388370 9354.687007 9338.130192 9321.716613 9305.445179 9289.314729 9273.324130 9257.472280 9241.758086 9226.180442 9210.738313 9195.430614 9180.256290 9165.214328 9150.303636 9135.523436 9120.872548 9106.349909 9091.954683 9077.685962 9063.542734 9049.524011 9035.628927 9021.856606 9008.206107 8994.676546 8981.267052 8967.976054 8954.804823 8941.750383 8928.812628 8915.990712 8903.283820 8890.691188 8878.211994 8865.845445 8853.590787 8841.447277 8829.414085 8817.490547 8805.675899 8793.969408 8782.370356 8770.878058 8759.491793 8748.210864 8737.034616 8725.962348 8714.993404 8704.127127 8693.362885 8682.700053 8672.137882 8661.675886 8651.313382 8641.049773 8630.884464 8620.816849 8610.846346 8600.972373 8591.194373 8581.511750 8571.923977 8562.430474 8553.030744 8543.724204 8534.510335 8525.388637 8516.358553 8507.419604 8498.571280 8489.813072 8481.144506 8472.565075 8464.074338 8455.671723 8447.356974 8439.129432 8430.988702 8422.934376 8414.965928 8407.082995 8399.285127 8391.571886 8383.942882 8376.397659 8368.935850 8361.557022 8354.260773 8347.046766 8339.914554 8332.863780 8325.894064 8319.005032 8312.196326 8305.467574 8298.582143 8292.248267 8285.757545 8279.345149 8273.010944 8266.754665 8260.575937 8254.474471 8248.449928 8242.502008 8236.630395 8230.834791 8225.114886 8219.470408 8213.901038 8208.406511 8202.986535 8197.640866 8192.369121 8187.171178 8182.046687 8176.995408 8172.017084 8167.111450 8162.278280 8157.517315 8152.828320 8148.211079 8143.665299 8139.190810 8134.787378 8130.454761 8126.192766 8122.001170 8117.879809 8113.828344 8109.846707 8105.934669 8102.092008 8098.318553 8094.614119 8090.978523 8087.411579 8083.913113 8080.482958 8077.120941 8073.826887 8070.600659 8067.442086 8064.351014 8061.327290 8058.370765 8055.481298 8052.658784 8049.903001 8047.213870 8044.591258 8042.035038 8039.545084 8037.121277 8034.763491 8032.471625 8030.245555 8028.085182 8025.990400 8023.961108 8021.997209 8020.098605 8018.265210 8016.496928 8014.793685 8013.155391 8011.581969 8010.073338 8008.629442 8007.250201 8005.935547 8004.685420 8003.499758 8002.378508 8001.321616 8000.329030 7999.400700 7998.536592 7997.736657 7997.000853 7996.329146 7995.721515 7995.177920 7994.698337 7994.282742 7993.931125 7993.643454 7993.419727 7993.259934 7993.164055 3996.566048 
 >
 log_likelihood: -59767483.190910 
 distance: 3251.753311 
 breakpoints: 22 25 
 thetas: 1000278.499603 992861.046220 2000715.702223 
 se_thetas: 157.986977 2394.456999 1178.797662 
 residues: 36.716135 -530.008321 354.220954 726.048799 300.420106 -45.337107 -260.356763 -184.196217 -617.156527 -361.410788 363.846837 57.826394 -493.705551 112.089332 -215.569255 738.738083 -320.899342 238.258437 352.747029 -238.802002 518.411674 166.591391 -210.005527 -379.827726 -407.089846 105.951579 -30.437648 -542.027636 226.726694 217.966477 -63.344778 15.762930 -155.583557 46.023558 188.375544 22.732945 435.897130 -229.729148 92.909160 657.563164 190.715932 -18.383263 39.305596 -30.361261 -52.691645 -173.139917 -142.289071 -190.842032 -296.604812 21.519750 180.550685 -109.580917 196.993399 52.076883 357.415136 -0.298756 -129.419542 -436.345983 44.483253 -209.407300 -37.526858 -85.415930 -234.643186 -81.804035 -93.517917 -68.427116 -10.194560 7.497525 -6.051241 27.442418 -164.753938 -191.386965 -180.217030 -63.016778 121.429226 62.325668 33.866824 168.237488 144.613454 232.161990 -84.957456 315.407059 236.400548 112.161406 -120.178049 114.507952 7.340749 170.435879 -20.096110 47.850705 94.378498 43.584148 -44.438692 36.399822 -39.814145 -298.997690 -272.071215 15.041965 -47.584484 141.120467 1.225143 -209.204529 -29.105103 -247.415292 -84.076014 83.969761 53.777063 131.399133 -118.112703 14.291364 88.659127 -164.962677 45.471201 145.003023 235.676209 -69.468789 245.607531 201.943489 -43.423583 24.542227 284.875944 101.611382 5.781553 -9.581254 -44.445958 -182.783417 -52.563108 -80.756936 -131.337135 21.723245 -206.549627 -27.130170 224.006428 51.884401 -120.472908 -318.042159 139.198573 -36.728777 -81.803014 171.996494 -384.310059 97.296969 -126.163224 -24.672298 43.788957 28.237435 -163.309208 219.166037 -91.320305 -60.752011 -43.113277 -164.388687 33.436892 28.378204 132.449620 28.665289 -71.961085 -87.415829 31.314035 -4.758538 69.379126 -64.260696 -14.665884 91.175353 303.274638 71.643266 111.292474 -171.767176 -3.524762 153.030091 -255.092444 -16.882314 363.670228 35.574892 245.841024 -75.522076 5.494597 4.899958 -115.297298 26.911365 -86.465581 93.579946 93.056135 -181.029230 232.331730 119.146551 73.422796 45.167734 30.388624 113.092493 9.286314 -146.023105 -55.829043 86.875069 -19.904324 -125.160863 75.111681 71.919457 44.268446 45.164390 258.613674 -70.378545 140.193492 103.335334 -204.947613 -248.649990 -161.766569 -48.292209 45.778230 37.449540 -190.273179 47.614782 18.118289 -18.758132 12.990169 -123.632294 53.378888 -146.971893 -117.680350 131.257764 -85.153483 43.090219 -111.007263 159.558059 89.790116 6.692708 -126.730341 -91.475316 -45.538537 124.083608 -121.605353 33.398085 -59.902578 19.496009 197.597206 93.404280 23.920479 217.149061 -70.906838 -17.244250 168.140021 -169.751067 70.085485 40.652638 -74.046929 116.989816 80.765598 -129.716785 55.545341 -80.445347 21.313790 -96.174655 -23.908070 117.116017 -121.099901 111.446634 24.758028 78.836744 -78.314949 -151.694728 97.699717 71.870620 65.820246 160.550744 -83.935693 -41.637007 -91.551018 -34.675669 58.991072 127.451225 63.706868 14.759651 -262.388138 -28.734733 -22.278236 52.983223 50.051366 36.928154 -186.384703 -75.885431 25.427684 121.556376 -52.497680 -41.732774 -97.147321 -85.739676 -183.508226 -56.451405 -10.567360 36.144531 -17.313144 95.060566 91.267262 15.308418 242.185442 -6.100254 2.452788 154.845871 13.080423 -36.842186 25.079336 -86.153709 18.460044 -21.078223 -65.767183 -120.605546 18.407873 5.274261 -22.005080 -35.429119 83.003459 80.293744 63.442897 52.452054 68.322315 94.054776 128.650543 97.110651 -48.563814 -180.371796 -67.312280 168.615825 -2.586702 -93.918680 -17.379045 20.033038 -119.681519 -14.521707 -56.486535 -36.575136 23.213365 -9.120090 -8.574614 -126.149338 34.157311 84.344061 -78.586108 15.366907 -53.796044 70.925851 82.533360 -51.972696 56.408477 -21.322367 -101.164483 -136.117041 23.820624 59.649275 138.369647 22.982459 -27.511604 -16.111820 53.182508 7.372037 -347.542534 -1.560547 -73.681344 -23.904292 -80.228766 -22.654017 -106.179558 -126.804705 32.471139 91.648570 62.728194 -24.289406 -60.403647 31.386026 191.080214 -45.320560 126.184287 148.595253 -176.087080 -5.862191 -81.729581 -145.688692 -45.739044 15.119873 -149.111432 -53.432483 93.157226 -200.341862 43.070824 -102.604459 63.632948 -40.216558 -69.152570 -107.174561 -215.282168 21.525060 -11.752439 -62.114274 -58.559990 -14.089218 65.298475 -34.396509 178.826168 -107.033047 76.026203 38.004300 -8.098383 20.718513 38.455358 95.348856 -2.309429 114.189105 -80.390781 6.951049 -14.785140 -78.598972 100.509841 -8.458359 -23.503275 43.375412 -61.822001 27.904796 -46.443923 -224.867841 -120.366691 -53.940181 121.411933 90.690034 17.894245 -19.975083 -90.917712 33.066617 -90.021831 11.817169 -12.416121 70.278532 -102.098655 14.452610 -15.067500 -54.658754 20.679094 -11.053767 75.142890 -35.730772 -56.674416 -164.687970 -8.771208 118.076094 -105.145894 54.563014 -76.796999 75.774254 -66.723053 -0.288754 31.077325 -46.624642 18.605485 -16.232125 -53.137318 -23.109939 -88.149842 -24.256883 52.569043 -17.671843 10.020539 81.646320 12.205630 190.698595 0.125333 37.485968 24.780605 104.009367 41.172352 0.269667 -35.698587 -64.732313 -47.831413 -65.995801 113.774619 66.479922 -55.879803 35.695522 -2.794023 18.651620 -135.967471 140.348772 -50.399588 -99.212492 32.910114 -50.031715 67.962071 72.891524 -36.243323 58.557580 79.294274 24.966793 79.575159 -85.880588 13.599575 157.015673 21.367715 48.655735 143.879732 52.039719 279.135714 57.583855 
 fitted_sfs: 1021127.283865 520821.008321 353942.779046 270422.951201 220247.579894 186745.337107 162771.356763 144753.196217 130706.156527 119439.410788 110195.153163 102468.173606 95908.705551 90266.910668 85359.569255 81049.261917 77230.899342 73822.741563 70760.252971 67991.802002 65475.588326 63177.408609 61069.005527 59126.827726 57331.089846 55665.048421 54114.437648 52667.027636 51312.273306 50041.033523 48845.344778 47718.237070 46653.583557 45645.976442 44690.624456 43783.267055 42920.102870 42097.729148 41313.090840 40563.436836 39846.284068 39159.383263 38500.694404 37868.361261 37260.691645 36676.139917 36113.289071 35570.842032 35047.604812 34542.480250 34054.449315 33582.580917 33126.006601 32683.923117 32255.584864 31840.298756 31437.419542 31046.345983 30666.516747 30297.407300 29938.526858 29589.415930 29249.643186 28918.804035 28596.517917 28282.427116 27976.194560 27677.502475 27386.051241 27101.557582 26823.753938 26552.386965 26287.217030 26028.016778 25774.570774 25526.674332 25284.133176 25046.762512 24814.386546 24586.838010 24363.957456 24145.592941 23931.599452 23721.838594 23516.178049 23314.492048 23116.659251 22922.564121 22732.096110 22545.149295 22361.621502 22181.415852 22004.438692 21830.600178 21659.814145 21491.997690 21327.071215 21164.958035 21005.584484 20848.879533 20694.774857 20543.204529 20394.105103 20247.415292 20103.076014 19961.030239 19821.222937 19683.600867 19548.112703 19414.708636 19283.340873 19153.962677 19026.528799 18900.996977 18777.323791 18655.468789 18535.392469 18417.056511 18300.423583 18185.457773 18072.124056 17960.388618 17850.218447 17741.581254 17634.445958 17528.783417 17424.563108 17321.756936 17220.337135 17120.276755 17021.549627 16924.130170 16827.993572 16733.115599 16639.472908 16547.042159 16455.801427 16365.728777 16276.803014 16189.003506 16102.310059 16016.703031 15932.163224 15848.672298 15766.211043 15684.762565 15604.309208 15524.833963 15446.320305 15368.752011 15292.113277 15216.388687 15141.563108 15067.621796 14994.550380 14922.334711 14850.961085 14780.415829 14710.685965 14641.758538 14573.620874 14506.260696 14439.665884 14373.824647 14308.725362 14244.356734 14180.707526 14117.767176 14055.524762 13993.969909 13933.092444 13872.882314 13813.329772 13754.425108 13696.158976 13638.522076 13581.505403 13525.100042 13469.297298 13414.088635 13359.465581 13305.420054 13251.943865 13199.029230 13146.668270 13094.853449 13043.577204 12992.832266 12942.611376 12892.907507 12843.713686 12795.023105 12746.829043 12699.124931 12651.904324 12605.160863 12558.888319 12513.080543 12467.731554 12422.835610 12378.386326 12334.378545 12290.806508 12247.664666 12204.947613 12162.649990 12120.766569 12079.292209 12038.221770 11997.550460 11957.273179 11917.385218 11877.881711 11838.758132 11800.009831 11761.632294 11723.621112 11685.971893 11648.680350 11611.742236 11575.153483 11538.909781 11503.007263 11467.441941 11432.209884 11397.307292 11362.730341 11328.475316 11294.538537 11260.916392 11227.605353 11194.601915 11161.902578 11129.503991 11097.402794 11065.595720 11034.079521 11002.850939 10971.906838 10941.244250 10910.859979 10880.751067 10850.914515 10821.347362 10792.046929 10763.010184 10734.234402 10705.716785 10677.454659 10649.445347 10621.686210 10594.174655 10566.908070 10539.883983 10513.099901 10486.553366 10460.241972 10434.163256 10408.314949 10382.694728 10357.300283 10332.129380 10307.179754 10282.449256 10257.935693 10233.637007 10209.551018 10185.675669 10162.008928 10138.548775 10115.293132 10092.240349 10069.388138 10046.734733 10024.278236 10002.016777 9979.948634 9958.071846 9936.384703 9914.885431 9893.572316 9872.443624 9851.497680 9830.732774 9810.147321 9789.739676 9769.508226 9749.451405 9729.567360 9709.855469 9690.313144 9670.939434 9651.732738 9632.691582 9613.814558 9595.100254 9576.547212 9558.154129 9539.919577 9521.842186 9503.920664 9486.153709 9468.539956 9451.078223 9433.767183 9416.605546 9399.592127 9382.725739 9366.005080 9349.429119 9332.996541 9316.706256 9300.557103 9284.547946 9268.677685 9252.945224 9237.349457 9221.889349 9206.563814 9191.371796 9176.312280 9161.384175 9146.586702 9131.918680 9117.379045 9102.966962 9088.681519 9074.521707 9060.486535 9046.575136 9032.786635 9019.120090 9005.574614 8992.149338 8978.842689 8965.655939 8952.586108 8939.633093 8926.796044 8914.074149 8901.466640 8888.972696 8876.591523 8864.322367 8852.164483 8840.117041 8828.179376 8816.350725 8804.630353 8793.017541 8781.511604 8770.111820 8758.817492 8747.627963 8736.542534 8725.560547 8714.681344 8703.904292 8693.228766 8682.654017 8672.179558 8661.804705 8651.528861 8641.351430 8631.271806 8621.289406 8611.403647 8601.613974 8591.919786 8582.320560 8572.815713 8563.404747 8554.087080 8544.862191 8535.729581 8526.688692 8517.739044 8508.880127 8500.111432 8491.432483 8482.842774 8474.341862 8465.929176 8457.604459 8449.367052 8441.216558 8433.152570 8425.174561 8417.282168 8409.474940 8401.752439 8394.114274 8386.559990 8379.089218 8371.701525 8364.396509 8357.173832 8350.033047 8342.973797 8335.995700 8329.098383 8322.281487 8315.544642 8308.651144 8302.309429 8295.810895 8289.390781 8283.048951 8276.785140 8270.598972 8264.490159 8258.458359 8252.503275 8246.624588 8240.822001 8235.095204 8229.443923 8223.867841 8218.366691 8212.940181 8207.588067 8202.309966 8197.105755 8191.975083 8186.917712 8181.933383 8177.021831 8172.182831 8167.416121 8162.721468 8158.098655 8153.547390 8149.067500 8144.658754 8140.320906 8136.053767 8131.857110 8127.730772 8123.674416 8119.687970 8115.771208 8111.923906 8108.145894 8104.436986 8100.796999 8097.225746 8093.723053 8090.288754 8086.922675 8083.624642 8080.394515 8077.232125 8074.137318 8071.109939 8068.149842 8065.256883 8062.430957 8059.671843 8056.979461 8054.353680 8051.794370 8049.301405 8046.874667 8044.514032 8042.219395 8039.990633 8037.827648 8035.730333 8033.698587 8031.732313 8029.831413 8027.995801 8026.225381 8024.520078 8022.879803 8021.304478 8019.794023 8018.348380 8016.967471 8015.651228 8014.399588 8013.212492 8012.089886 8011.031715 8010.037929 8009.108476 8008.243323 8007.442420 8006.705726 8006.033207 8005.424841 8004.880588 8004.400425 8003.984327 8003.632285 8003.344265 8003.120268 8002.960281 8002.864286 4001.416145 
 >
 log_likelihood: -59767483.045121 
 distance: 3243.174160 
 breakpoints: 14 16 25 
 thetas: 999301.604655 1009479.778628 996920.351309 2000311.477846 
 se_thetas: 495.696321 3507.359422 918.521623 1046.271860 
 residues: 135.004834 -664.870358 237.771349 656.367454 272.107246 -43.126068 -237.660668 -148.953040 -575.230006 -316.949689 408.015193 99.855226 -454.953543 146.930066 -184.925050 765.137363 -298.637552 256.588261 367.407873 -227.517861 526.621505 172.026669 -207.055851 -379.090472 -408.310338 103.008313 -34.888606 -547.790604 219.828891 210.093651 -72.048923 6.356358 -165.577198 35.545906 177.505794 11.552947 424.479668 -241.319449 81.203312 645.792484 178.925229 -30.154475 27.588643 -41.993441 -64.212351 -184.525862 -153.520032 -201.900525 -307.475810 10.849073 170.091183 -119.820150 186.981949 42.299318 347.876295 -9.595161 -138.470806 -445.150299 35.926894 -217.715406 -45.587045 -93.229094 -242.210715 -89.127754 -100.600037 -75.270181 -16.801411 1.123796 -12.195161 21.524804 -170.448905 -196.863082 -185.478203 -68.067004 116.585880 57.685079 29.424829 163.989898 140.556066 228.290598 -88.647050 311.895078 233.062019 108.992197 -123.182033 111.665139 4.655097 167.903430 -22.479261 45.613001 92.282453 41.626032 -46.262544 34.706633 -41.380206 -300.440092 -273.393358 13.836748 -48.676039 140.139379 0.351393 -209.973999 -29.773284 -247.985107 -84.550320 83.588173 53.485469 131.194874 -118.232222 14.254052 88.701554 -164.842920 45.665940 145.270457 236.014107 -69.062599 246.079897 202.479970 -42.824995 25.200969 285.592937 102.384775 6.609544 -8.700417 -43.513982 -181.801959 -51.533783 -79.681312 -130.216740 22.886930 -205.344097 -25.884196 225.291484 53.207214 -119.113627 -316.647658 140.627077 -35.267450 -80.310010 173.520060 -382.757014 98.878444 -124.554340 -23.036995 45.449715 29.922715 -161.600313 220.897667 -89.566795 -58.977450 -41.318469 -162.574414 35.269873 30.229157 134.317830 30.550067 -70.060412 -85.499913 33.244562 -2.814011 71.337058 -62.289936 -12.682853 93.170112 305.280600 73.659923 113.319332 -169.730596 -1.478924 155.084739 -253.029421 -14.811339 365.748747 37.660559 247.933455 -73.423252 7.599455 7.010501 -113.181408 29.032276 -84.339965 95.709961 95.190253 -178.891296 234.473202 121.291293 75.570550 47.318248 32.541654 115.247804 11.443680 -143.863904 -53.668219 89.037312 -17.740862 -122.996373 77.277015 74.085455 46.434937 47.331207 260.780655 -68.211554 142.360343 105.501900 -202.781470 -246.484406 -159.601672 -46.128125 47.941381 39.611643 -188.112235 49.774458 20.276595 -16.601296 15.145439 -121.478681 55.530755 -144.821858 -115.532227 133.403897 -83.009416 45.232149 -108.867540 161.695509 91.925231 8.825426 -124.600078 -89.347564 -43.413348 126.206183 -119.485440 35.515291 -57.788124 21.607669 199.706033 95.510237 26.023529 219.249171 -68.809701 -15.150115 170.231124 -167.663021 72.170448 42.734494 -71.968203 119.065392 82.838005 -127.647566 57.611356 -78.382553 23.373351 -94.118341 -21.855016 119.165801 -119.053396 113.489852 26.797950 80.873363 -76.281638 -149.664729 99.726400 73.893983 67.840287 162.567461 -81.922299 -39.626937 -89.544271 -32.672243 60.991179 129.448015 65.700346 16.749820 -260.401273 -26.751167 -20.297962 54.960209 52.025073 38.898589 -184.417533 -73.921518 27.388350 123.513803 -50.543483 -39.781796 -95.199552 -83.795105 -181.566843 -54.513198 -8.632318 38.076420 -15.384395 96.986187 93.189767 17.227821 244.101757 -4.187015 4.362965 156.753001 14.984519 -34.941109 26.977408 -84.258627 20.352152 -19.189075 -63.880980 -118.722272 20.288233 7.151723 -20.130500 -33.557405 84.872322 82.159773 65.306109 54.312464 70.179940 95.909632 130.502647 98.960020 -46.717163 -178.527847 -65.471016 170.454421 -0.750756 -92.085368 -15.548350 21.861134 -117.856007 -12.698759 -54.666135 -34.757268 25.028720 -7.307231 -6.764234 -124.341419 35.962785 86.147108 -76.785471 17.165152 -52.000174 72.719364 84.324532 -50.183846 58.195021 -19.538111 -99.382498 -134.337310 25.598118 61.424550 140.142721 24.753348 -25.742883 -14.345249 54.946946 9.134358 -345.782312 0.197594 -71.925268 -22.150264 -78.476770 -20.904034 -104.431572 -125.058700 34.215181 93.390665 64.468359 -22.551154 -58.667292 33.120502 192.812826 -43.589795 127.913223 150.322375 -174.361755 -4.138647 -80.007802 -143.968661 -44.020745 16.836456 -147.396548 -51.719282 94.868759 -198.631980 44.779071 -100.897832 65.337972 -38.513122 -67.450706 -105.474252 -213.583400 23.222304 -10.056704 -60.420032 -56.867226 -12.397916 66.988330 -32.708084 180.513176 -105.347439 77.710426 39.687152 -6.416885 22.398670 40.134191 97.026148 -0.633200 115.864055 -78.717096 8.623485 -13.113939 -76.928991 102.178617 -6.790774 -21.836866 45.040660 -60.157899 29.567766 -44.782071 -223.207091 -118.707030 -52.281593 123.069461 92.346516 19.549696 -18.320648 -89.264280 34.719060 -88.370361 13.467679 -10.766557 71.927164 -100.450941 16.099420 -13.421579 -53.013709 22.323276 -9.410433 76.785390 -34.089093 -55.033544 -163.047891 -7.131908 119.714628 -103.508112 56.200057 -75.160680 77.409861 -65.088144 1.345471 32.710879 -44.991745 20.237738 -14.600502 -51.506312 -21.479538 -86.520031 -22.627649 54.197713 -16.043724 11.648121 83.273379 13.832178 192.324644 1.750898 39.111062 26.405241 105.633558 42.796111 1.893007 -34.075654 -63.109773 -46.209253 -64.374007 115.396059 68.101021 -54.259031 37.315978 -1.173868 20.271486 -134.347882 141.968099 -48.780512 -97.593653 34.528728 -48.413313 69.580275 74.509542 -34.625478 60.175265 80.911811 26.584196 81.192440 -84.263415 15.216651 158.632666 22.984637 50.272599 145.496552 53.656507 280.752482 58.392236 
 fitted_sfs: 1021028.995166 520955.870358 354059.228651 270492.632546 220275.892754 186743.126068 162748.660668 144717.953040 130664.230006 119394.949689 110150.984807 102426.144774 95869.953543 90232.069934 85328.925050 81022.862637 77208.637552 73804.411739 70745.592127 67980.517861 65467.378495 63171.973331 61066.055851 59126.090472 57332.310338 55667.991687 54118.888606 52672.790604 51319.171109 50048.906349 48854.048923 47727.643642 46663.577198 45656.454094 44701.494206 43794.447053 42931.520332 42109.319449 41324.796688 40575.207516 39858.074771 39171.154475 38512.411357 37879.993441 37272.212351 36687.525862 36124.520032 35581.900525 35058.475810 34553.150927 34064.908817 33592.820150 33136.018051 32693.700682 32265.123705 31849.595161 31446.470806 31055.150299 30675.073106 30305.715406 29946.587045 29597.229094 29257.210715 28926.127754 28603.600037 28289.270181 27982.801411 27683.876204 27392.195161 27107.475196 26829.448905 26557.863082 26292.478203 26033.067004 25779.414120 25531.314921 25288.575171 25051.010102 24818.443934 24590.709402 24367.647050 24149.104922 23934.937981 23725.007803 23519.182033 23317.334861 23119.344903 22925.096570 22734.479261 22547.386999 22363.717547 22183.373968 22006.262544 21832.293367 21661.380206 21493.440092 21328.393358 21166.163252 21006.676039 20849.860621 20695.648607 20543.973999 20394.773284 20247.985107 20103.550320 19961.411827 19821.514531 19683.805126 19548.232222 19414.745948 19283.298446 19153.842920 19026.334060 18900.729543 18776.985893 18655.062599 18534.920103 18416.520030 18299.824995 18184.799031 18071.407063 17959.615225 17849.390456 17740.700417 17633.513982 17527.801959 17423.533783 17320.681312 17219.216740 17119.113070 17020.344097 16922.884196 16826.708516 16731.792786 16638.113627 16545.647658 16454.372923 16364.267450 16275.310010 16187.479940 16100.757014 16015.121556 15930.554340 15847.036995 15764.550285 15683.077285 15602.600313 15523.102333 15444.566795 15366.977450 15290.318469 15214.574414 15139.730127 15065.770843 14992.682170 14920.449933 14849.060412 14778.499913 14708.755438 14639.814011 14571.662942 14504.289936 14437.682853 14371.829888 14306.719400 14242.340077 14178.680668 14115.730596 14053.478924 13991.915261 13931.029421 13870.811339 13811.251253 13752.339441 13694.066545 13636.423252 13579.400545 13522.989499 13467.181408 13411.967724 13357.339965 13303.290039 13249.809747 13196.891296 13144.526798 13092.708707 13041.429450 12990.681752 12940.458346 12890.752196 12841.556320 12792.863904 12744.668219 12696.962688 12649.740862 12602.996373 12556.722985 12510.914545 12465.565063 12420.668793 12376.219345 12332.211554 12288.639657 12245.498100 12202.781470 12160.484406 12118.601672 12077.128125 12036.058619 11995.388357 11955.112235 11915.225542 11875.723405 11836.601296 11797.854561 11759.478681 11721.469245 11683.821858 11646.532227 11609.596103 11573.009416 11536.767851 11500.867540 11465.304491 11430.074769 11395.174574 11360.600078 11326.347564 11292.413348 11258.793817 11225.485440 11192.484709 11159.788124 11127.392331 11095.293967 11063.489763 11031.976471 11000.750829 10969.809701 10939.150115 10908.768876 10878.663021 10848.829552 10819.265506 10789.968203 10760.934608 10732.161995 10703.647566 10675.388644 10647.382553 10619.626649 10592.118341 10564.855016 10537.834199 10511.053396 10484.510148 10458.202050 10432.126637 10406.281638 10380.664729 10355.273600 10330.106017 10305.159713 10280.432539 10255.922299 10231.626937 10207.544271 10183.672243 10160.008821 10136.551985 10113.299654 10090.250180 10067.401273 10044.751167 10022.297962 10000.039791 9977.974927 9956.101411 9934.417533 9912.921518 9891.611650 9870.486197 9849.543483 9828.781796 9808.199552 9787.795105 9767.566843 9747.513198 9727.632318 9707.923580 9688.384395 9669.013813 9649.810233 9630.772179 9611.898243 9593.187015 9574.637035 9556.246999 9538.015481 9519.941109 9502.022592 9484.258627 9466.647848 9449.189075 9431.880980 9414.722272 9397.711767 9380.848277 9364.130500 9347.557405 9331.127678 9314.840227 9298.693891 9282.687536 9266.820060 9251.090368 9235.497353 9220.039980 9204.717163 9189.527847 9174.471016 9159.545579 9144.750756 9130.085368 9115.548350 9101.138866 9086.856007 9072.698759 9058.666135 9044.757268 9030.971280 9017.307231 9003.764234 8990.341419 8977.037215 8963.852892 8950.785471 8937.834848 8925.000174 8912.280636 8899.675468 8887.183846 8874.804979 8862.538111 8850.382498 8838.337310 8826.401882 8814.575450 8802.857279 8791.246652 8779.742883 8768.345249 8757.053054 8745.865642 8734.782312 8723.802406 8712.925268 8702.150264 8691.476770 8680.904034 8670.431572 8660.058700 8649.784819 8639.609335 8629.531641 8619.551154 8609.667292 8599.879498 8590.187174 8580.589795 8571.086777 8561.677625 8552.361755 8543.138647 8534.007802 8524.968661 8516.020745 8507.163544 8498.396548 8489.719282 8481.131241 8472.631980 8464.220929 8455.897832 8447.662028 8439.513122 8431.450706 8423.474252 8415.583400 8407.777696 8400.056704 8392.420032 8384.867226 8377.397916 8370.011670 8362.708084 8355.486824 8348.347439 8341.289574 8334.312848 8327.416885 8320.601330 8313.865809 8306.973852 8300.633200 8294.135945 8287.717096 8281.376515 8275.113939 8268.928991 8262.821383 8256.790774 8250.836866 8244.959340 8239.157899 8233.432234 8227.782071 8222.207091 8216.707030 8211.281593 8205.930539 8200.653484 8195.450304 8190.320648 8185.264280 8180.280940 8175.370361 8170.532321 8165.766557 8161.072836 8156.450941 8151.900580 8147.421579 8143.013709 8138.676724 8134.410433 8130.214610 8126.089093 8122.033544 8118.047891 8114.131908 8110.285372 8106.508112 8102.799943 8099.160680 8095.590139 8092.088144 8088.654529 8085.289121 8081.991745 8078.762262 8075.600502 8072.506312 8069.479538 8066.520031 8063.627649 8060.802287 8058.043724 8055.351879 8052.726621 8050.167822 8047.675356 8045.249102 8042.888938 8040.594759 8038.366442 8036.203889 8034.106993 8032.075654 8030.109773 8028.209253 8026.374007 8024.603941 8022.898979 8021.259031 8019.684022 8018.173868 8016.728514 8015.347882 8014.031901 8012.780512 8011.593653 8010.471272 8009.413313 8008.419725 8007.490458 8006.625478 8005.824735 8005.088189 8004.415804 8003.807560 8003.263415 8002.783349 8002.367334 8002.015363 8001.727401 8001.503448 8001.343493 8001.247518 4000.607764 
