0.0001
0.000133
0.000178
0.000237
0.000316
0.000421
0.000562
0.000749
0.000999
0.001332
0.001776
0.002368
0.003157
0.004209
0.005612
0.007483
0.009977
0.013303
0.017738
0.02365
0.031534
0.042045
0.05606
0.074747
0.099662
0.132883
0.177177
0.236236
0.314981
0.419975
0.559967
0.746622
0.995496
1.327328
2.0
>
-8764897.997869 15108.622688 17529795.995738
 514417.925205  
>
-8764468.407162 1413.831343 17528940.814324
1.0 5213875.546835 500772.698765  
>
-8764468.366646 1387.997434 17528944.733292
1.0 9.0 8069400.808320 161801.710246 501020.397118  
>
-8764467.825865 1386.199958 17528947.65173
1.0 25.0 26.0 5371648.079385 499334.329668 513903.906126 500270.827046  
