0.000100
0.000133
0.000178
0.000237
0.000316
0.000421
0.000562
0.000749
0.000999
0.001332
0.001776
0.002368
0.003157
0.004209
0.005612
0.007483
0.009977
0.013303
0.017738
0.023650
0.031534
0.042045
0.056060
0.074747
0.099662
0.132883
0.177177
0.236236
0.314981
0.419975
0.559967
0.746622
0.995496
1.327328
2.000000
 >
 log_likelihood: -8764897.997869 
 distance: 15108.622688 
 breakpoints: 
 thetas: 514417.925205 
 se_thetas: 1637.185991 
 residues: 9666.934137 -7130.125106 -4281.919313 -3851.001356 -3184.510565 -2099.851988 -1654.650568 -2000.739840 -1449.491477 -1098.547246 -1541.242613 -1332.818679 -1177.459326 -1350.741300 -1096.503937 -1175.143230 -1148.684284 -761.162966 -1033.466223 -703.120327 -721.710992 -561.734567 -541.749014 -522.737130 -1025.622686 -747.898401 -862.336634 -630.762160 -699.872012 -895.100349 -863.458869 -717.529646 -882.301525 -303.149970 -579.776930 -345.166909 -617.551060 -689.377130 -885.283954 -653.080212 -483.726559 -388.320413 -433.083449 -562.350861 -434.562629 -566.256235 -671.060831 -695.692521 -561.950987 -250.358501 
 fitted_sfs: 519614.065863 262458.125106 176775.919313 133963.001356 108298.510565 91208.851988 79019.650568 69893.739840 62810.491477 57157.547246 52545.242613 48713.818679 45483.459326 42725.741300 40346.503937 38275.143230 36457.684284 34852.162966 33425.466223 32151.120327 31007.710992 29977.734567 29046.749014 28202.737130 27435.622686 26736.898401 26099.336634 25516.762160 24983.872012 24496.100349 24049.458869 23640.529646 23266.301525 22924.149970 22611.776930 22327.166909 22068.551060 21834.377130 21623.283954 21434.080212 21265.726559 21117.320413 20988.083449 20877.350861 20784.562629 20709.256235 20651.060831 20609.692521 20584.950987 10288.358501 
 >
 log_likelihood: -8764468.407162 
 distance: 1413.831343 
 breakpoints: 1 
 thetas: 5213875.546835 500772.698765 
 se_thetas: 63754.526818 241.305345 
 residues: 0.553549 -226.030193 406.974176 -297.557652 -311.831312 319.514399 441.390360 -146.768859 216.592338 417.589022 -147.450326 -40.657092 29.015192 -217.416852 -26.290097 -159.873383 -181.623592 163.310353 -146.836820 149.706323 100.786067 233.441803 228.732447 225.356422 -297.877289 -38.687051 -170.036955 46.084393 -37.160642 -245.336304 -225.533369 -90.451218 -265.149811 304.926065 20.013246 247.073798 -32.170259 -110.207925 -311.714121 -84.529103 80.358851 171.828452 123.637327 -8.567321 116.759660 -16.931481 -123.279768 -149.008777 -15.923516 22.546032 
 fitted_sfs: 529280.446451 255554.030193 172087.025824 130409.557652 105425.831312 88789.485601 76923.609640 68039.768859 61144.407662 55641.410978 51151.450326 47421.657092 44276.984808 41592.416852 39276.290097 37259.873383 35490.623592 33927.689647 32538.836820 31298.293677 30185.213933 29182.558197 28276.267553 27454.643578 26707.877289 26027.687051 25407.036955 24839.915607 24321.160642 23846.336304 23411.533369 23013.451218 22649.149811 22316.073935 22011.986754 21734.926202 21483.170259 21255.207925 21049.714121 20865.529103 20701.641149 20557.171548 20431.362673 20323.567321 20233.240340 20159.931481 20103.279768 20063.008777 20038.923516 10015.453968 
 >
 log_likelihood: -8764468.366646 
 distance: 1387.997434 
 breakpoints: 1 9 
 thetas: 8069400.808320 161801.710246 501020.397118 
 se_thetas: 2149798.882106 255085.920473 303.412161 
 residues: 0.024580 -11.020142 333.573684 -361.651972 -363.963277 275.596819 403.341480 -180.423527 186.348339 390.066982 -172.751484 -64.113378 7.114375 -237.989807 -45.717418 -178.303312 -199.178403 146.528616 -162.931579 134.225175 85.855480 219.007168 214.746097 211.776467 -311.087872 -51.561187 -182.604092 33.797770 -49.190663 -257.133512 -237.113469 -101.834412 -276.352839 293.887811 9.125408 236.322994 -42.796529 -120.721437 -322.125991 -94.849866 70.119146 161.660209 113.531312 -18.620014 106.751648 -26.903229 -133.223501 -158.932592 -25.835415 17.592066 
 fitted_sfs: 529280.975420 255339.020142 172160.426316 130473.651972 105477.963277 88833.403181 76961.658520 68073.423527 61174.651661 55668.933018 51176.751484 47445.113378 44298.885625 41612.989807 39295.717418 37278.303312 35508.178403 33944.471384 32554.931579 31313.774825 30200.144520 29196.992832 28290.253903 27468.223533 26721.087872 26040.561187 25419.604092 24852.202230 24333.190663 23858.133512 23423.113469 23024.834412 22660.352839 22327.112189 22022.874592 21745.677006 21493.796529 21265.721437 21060.125991 20875.849866 20711.880854 20567.339791 20441.468688 20333.620014 20243.248352 20169.903229 20113.223501 20072.932592 20048.835415 10020.407934 
 >
 log_likelihood: -8764467.825865 
 distance: 1386.199958 
 breakpoints: 1 25 26 
 thetas: 5371648.079385 499334.329668 513903.906126 500270.827046 
 se_thetas: 136718.528794 1095.259825 10248.451829 769.137246 
 residues: 0.175596 -72.538192 394.604639 -367.383289 -399.446337 230.898238 359.235590 -219.310749 154.679924 366.235835 -188.860394 -72.994090 4.788592 -234.498892 -37.148034 -165.357570 -182.503592 166.348224 -140.486451 158.839825 112.243108 246.825810 243.703104 241.623172 -280.561300 -20.530532 -151.215481 65.423894 -17.425362 -225.306592 -205.291623 -70.065213 -244.673912 325.448637 40.548676 267.596204 -11.680089 -89.763623 -291.324660 -64.199579 100.626552 192.035089 143.785826 11.527725 136.807352 3.076076 -103.304265 -129.056607 4.014483 32.512656 
 fitted_sfs: 529280.824404 255400.538192 172099.395361 130479.383289 105513.446337 88878.101762 77005.764410 68112.310749 61206.320076 55692.764165 51192.860394 47453.994090 44301.211408 41609.498892 39287.148034 37265.357570 35491.503592 33924.651776 32532.486451 31289.160175 30173.756892 29169.174190 28261.296896 27438.376828 26690.561300 26009.530532 25388.215481 24820.576106 24301.425362 23826.306592 23391.291623 22993.065213 22628.673912 22295.551363 21991.451324 21714.403796 21462.680089 21234.763623 21029.324660 20845.199579 20681.373448 20536.964911 20411.214174 20303.472275 20213.192648 20139.923924 20083.304265 20043.056607 20018.985517 10005.487344 
