0.0001
0.000133
0.000178
0.000237
0.000316
0.000421
0.000562
0.000749
0.000999
0.001332
0.001776
0.002368
0.003157
0.004209
0.005612
0.007483
0.009977
0.013303
0.017738
0.02365
0.031534
0.042045
0.05606
0.074747
0.099662
0.132883
0.177177
0.236236
0.314981
0.419975
0.559967
0.746622
0.995496
1.327328
2.0
>
-11094239.30076 56812.0944 22188478.60152
 547187.825508  
>
-11063895.231429 12367.262383 22127794.462858
34.0 518824.108147 1123482.727670  
>
-11063460.702414 1150.580981 22126929.404828
13.0 32.0 687329.061571 497720.145056 891447.463206  
>
-11063460.641203 1138.465286 22126933.282406
1.0 15.0 32.0 2807632.724976 564575.531839 497789.781279 891317.240768  
