0.000100
0.000133
0.000178
0.000237
0.000316
0.000421
0.000562
0.000749
0.000999
0.001332
0.001776
0.002368
0.003157
0.004209
0.005612
0.007483
0.009977
0.013303
0.017738
0.023650
0.031534
0.042045
0.056060
0.074747
0.099662
0.132883
0.177177
0.236236
0.314981
0.419975
0.559967
0.746622
0.995496
1.327328
2.000000
 >
 log_likelihood: -11094239.300760 
 distance: 56812.094400 
 breakpoints: 
 thetas: 547187.825508 
 se_thetas: 6156.217347 
 residues: -12431.975260 -11973.461995 -5093.053438 -1307.829560 877.563055 2869.882000 4079.570583 4718.828054 5464.299694 5786.352720 6480.474415 6688.971065 6530.113593 7413.506183 7440.307804 7774.620141 7914.856445 7846.654086 7872.235512 8193.760904 8276.008700 8410.597583 8205.889591 7991.667459 8498.649297 8467.884327 8694.060611 8385.746753 8723.583536 8756.427656 8893.521482 8922.500671 8886.568199 8904.515791 8465.787892 9084.528389 8974.618812 8958.710293 8955.250711 8922.507275 8609.585540 8766.445584 8872.915314 8893.701886 8888.400995 8922.504623 9172.407242 8861.410832 8989.728473 4648.243493 
 fitted_sfs: 552714.975260 279177.461995 188037.053438 142496.829560 115197.436945 97019.118000 84053.429417 74346.171946 66811.700306 60798.647280 55892.525585 51817.028935 48380.886407 45447.493817 42916.692196 40713.379859 38780.143555 37072.345914 35554.764488 34199.239096 32982.991300 31887.402417 30897.110409 29999.332541 29183.350703 28440.115673 27761.939389 27142.253247 26575.416464 26056.572344 25581.478518 25146.499329 24748.431801 24384.484209 24052.212108 23749.471611 23474.381188 23225.289707 23000.749289 22799.492725 22620.414460 22462.554416 22325.084686 22207.298114 22108.599005 22028.495377 21966.592758 21922.589168 21896.271527 10943.756507 
 >
 log_likelihood: -11063895.231429 
 distance: 12367.262383 
 breakpoints: 34 
 thetas: 518824.108147 1123482.727670 
 se_thetas: 1633.128749 18601.691230 
 residues: 6666.347475 -7052.728825 -4895.304848 -3469.388020 -2697.808832 -1646.536267 -1107.722862 -970.466131 -614.395685 -602.908208 -162.001543 -163.691862 -499.622851 232.728737 129.330088 350.389957 391.345556 235.520457 183.311338 435.418683 455.440203 534.029472 278.752229 18.728612 484.121154 415.510004 607.184713 267.373397 576.424446 582.942808 695.950948 702.896067 646.815111 646.355098 190.833761 794.283860 670.489394 642.015910 627.236233 584.351887 262.411119 411.324242 510.876247 525.737637 515.473226 545.549495 792.340467 479.132472 606.127542 456.222963 
 fitted_sfs: 533616.652525 274256.728825 187839.304848 144658.388020 118772.808832 101535.536267 89240.722862 80035.466131 72890.395685 67187.908208 62535.001543 58669.691862 55410.622851 52628.271263 50227.669912 48137.610043 46303.654444 44683.479543 43243.688662 41957.581317 40803.559797 39763.970528 38824.247771 37972.271388 37197.878846 36492.489996 35848.815287 35260.626603 34722.575554 34230.057192 33779.049052 33366.103933 32988.184889 32642.644902 32327.166239 32039.716140 31778.510606 31541.984090 31328.763767 31137.648113 30967.588881 30817.675758 30687.123753 30575.262363 30481.526774 30405.450505 30346.659533 30304.867528 30279.872458 15135.777037 
 >
 log_likelihood: -11063460.702414 
 distance: 1150.580981 
 breakpoints: 13 32 
 thetas: 687329.061571 497720.145056 891447.463206 
 se_thetas: 2210.611696 307.956014 1053.242945 
 residues: 6.140676 -104.747256 159.516685 -3.618663 -245.292954 131.409206 194.811061 -18.384095 70.449963 -127.190976 146.711274 9.484530 -437.891409 201.838509 20.778938 176.242470 161.452339 -41.989098 -135.043285 81.904491 71.573738 123.900259 -154.142406 -433.926847 14.296375 -69.241336 109.453307 -241.644684 57.595775 55.589393 161.204616 161.739253 100.110002 94.856466 -364.797797 235.097455 108.253828 77.173307 60.173009 15.405708 -308.122890 -160.539389 -62.090651 -48.133364 -59.125623 -29.619867 216.742753 -96.763033 30.056615 168.158533 
 fitted_sfs: 540276.859324 267308.747256 182784.483315 141192.618663 116320.292954 99757.590794 87938.188939 79083.384095 72205.550037 66712.190976 62226.288726 58496.515470 55348.891409 52659.161491 50336.221062 48311.757530 46533.547661 44960.989098 43562.043285 42311.095509 41187.426262 40174.099741 39257.142406 38424.926847 37667.703625 36977.241336 36346.546693 35769.644684 35241.404225 34757.410607 34313.795384 33907.260747 33534.889998 33194.143534 32882.797797 32598.902545 32340.746172 32106.826693 31895.826991 31706.594292 31538.122890 31389.539389 31260.090651 31149.133364 31056.125623 30980.619867 30922.257247 30880.763033 30855.943385 15423.841467 
 >
 log_likelihood: -11063460.641203 
 distance: 1138.465286 
 breakpoints: 1 15 32 
 thetas: 2807632.724976 564575.531839 497789.781279 891317.240768 
 se_thetas: 436476.335340 11217.049329 457.331497 1152.200286 
 residues: 0.019512 -8.150755 67.625422 -37.367506 -258.777727 123.968391 189.762538 -22.063539 67.744812 -129.137776 145.377991 8.658552 -438.291278 201.801016 21.052899 176.786513 162.232377 -41.001448 -133.871918 83.239243 73.054449 125.511884 -152.412970 -432.091082 16.228361 -67.222080 111.551855 -239.473996 59.832189 57.883480 163.555568 164.140042 102.556196 97.344077 -362.272522 237.656922 110.844284 79.791734 62.816579 18.071762 -305.436888 -157.835828 -59.371834 -45.401493 -56.382829 -26.868218 219.501228 -93.999703 32.822850 169.542134 
 fitted_sfs: 540282.980488 267212.150755 182876.374578 141226.367506 116333.777727 99765.031609 87943.237462 79087.063539 72208.255188 66714.137776 62227.622009 58497.341448 55349.291278 52659.198984 50335.947101 48311.213487 46532.767623 44960.001448 43560.871918 42309.760757 41185.945551 40172.488116 39255.412970 38423.091082 37665.771639 36975.222080 36344.448145 35767.473996 35239.167811 34755.116520 34311.444432 33904.859958 33532.443804 33191.655923 32880.272522 32596.343078 32338.155716 32104.208266 31893.183421 31703.928238 31535.436888 31386.835828 31257.371834 31146.401493 31053.382829 30977.868218 30919.498772 30877.999703 30853.177150 15422.457866 
