0.0001
0.000133
0.000178
0.000237
0.000316
0.000421
0.000562
0.000749
0.000999
0.001332
0.001776
0.002368
0.003157
0.004209
0.005612
0.007483
0.009977
0.013303
0.017738
0.02365
0.031534
0.042045
0.05606
0.074747
0.099662
0.132883
0.177177
0.236236
0.314981
0.419975
0.559967
0.746622
0.995496
1.327328
2.0
>
-3118627.799841 19305.849191 6237255.599682
 748098.550298  
>
-3118613.587642 17084.312381 6237231.175284
1.0 29109600.789867 740470.826362  
>
-3118143.754036 125.744048 6236295.508072
26.0 29.0 973689.316905 227726.111353 816165.339926  
>
-3118143.722166 0.183405 6236299.444332
20.0 23.0 28.0 303430.463469 2460120.609621 246789.258140 795079.101335  
