0.000100
0.000133
0.000178
0.000237
0.000316
0.000421
0.000562
0.000749
0.000999
0.001332
0.001776
0.002368
0.003157
0.004209
0.005612
0.007483
0.009977
0.013303
0.017738
0.023650
0.031534
0.042045
0.056060
0.074747
0.099662
0.132883
0.177177
0.236236
0.314981
0.419975
0.559967
0.746622
0.995496
1.327328
2.000000
 >
 log_likelihood: -3118627.799841 
 distance: 19305.849191 
 breakpoints: 
 thetas: 748098.550298 
 se_thetas: 6716.451160 
 residues: 5705.388557 -15669.593937 -1899.404904 7877.270709 5382.289940 
 fitted_sfs: 831220.611443 467561.593937 356237.404904 311707.729291 149619.710060 
 >
 log_likelihood: -3118613.587642 
 distance: 17084.312381 
 breakpoints: 1 
 thetas: 29109600.789867 740470.826362 
 se_thetas: 31113392.702448 10822.303698 
 residues: 2.452683 -10905.455345 1732.843739 11055.489016 6907.834728 
 fitted_sfs: 836923.547317 462797.455345 352605.156261 308529.510984 148094.165272 
 >
 log_likelihood: -3118143.754036 
 distance: 125.744048 
 breakpoints: 26 29 
 thetas: 973689.316905 227726.111353 816165.339926 
 se_thetas: 1041.417952 2460.203377 374.400186 
 residues: -1.995802 21.674824 -63.656523 79.424486 -70.550565 
 fitted_sfs: 836927.995802 451870.325176 354401.656523 319505.575514 155072.550565 
 >
 log_likelihood: -3118143.722166 
 distance: 0.183405 
 breakpoints: 20 23 28 
 thetas: 303430.463469 2460120.609621 246789.258140 795079.101335 
 se_thetas: 88.828447 126.070782 17.138686 1.124051 
 residues: -0.000093 0.003337 -0.030260 0.101633 -0.149604 
 fitted_sfs: 836926.000093 451891.996663 354338.030260 319584.898367 155002.149604 
