0.0001
0.000133
0.000178
0.000237
0.000316
0.000421
0.000562
0.000749
0.000999
0.001332
0.001776
0.002368
0.003157
0.004209
0.005612
0.007483
0.009977
0.013303
0.017738
0.02365
0.031534
0.042045
0.05606
0.074747
0.099662
0.132883
0.177177
0.236236
0.314981
0.419975
0.559967
0.746622
0.995496
1.327328
2.0
>
-24864534.922371 137737.016841 49729069.844742
 850531.916689  
>
-24804071.888789 30955.087282 49608147.777578
14.0 1069469.690018 618506.440820  
>
-24777643.810264 2105.909687 49555295.620528
17.0 32.0 1000405.263226 498677.724367 891819.293643  
>
-24777642.805651 2103.901611 49555297.611302
17.0 27.0 34.0 1000397.841744 498665.222714 508412.009526 1181016.246430  
