0.000100
0.000133
0.000178
0.000237
0.000316
0.000421
0.000562
0.000749
0.000999
0.001332
0.001776
0.002368
0.003157
0.004209
0.005612
0.007483
0.009977
0.013303
0.017738
0.023650
0.031534
0.042045
0.056060
0.074747
0.099662
0.132883
0.177177
0.236236
0.314981
0.419975
0.559967
0.746622
0.995496
1.327328
2.000000
 >
 log_likelihood: -24864534.922371 
 distance: 137737.016841 
 breakpoints: 
 thetas: 850531.916689 
 se_thetas: 4787.298325 
 residues: 67268.700016 -1326.194739 -19413.730081 -26014.926885 -29166.189280 -30131.985365 -29541.087132 -29204.880635 -27529.802518 -26273.314821 -24896.075158 -23401.521994 -22627.266496 -21754.888201 -20792.612013 -19162.606487 -18473.530161 -17753.895277 -16872.842731 -16048.485532 -15021.296008 -14996.206046 -13996.203260 -13596.276596 -13146.617074 -12669.002085 -12187.315634 -11494.172715 -11271.620777 -10735.900900 -10656.255362 -9958.771081 -9907.251774 -9560.112425 -9373.292118 -9326.181074 -8570.559819 -8291.547683 -8304.559523 -7727.268495 -7760.575543 -7544.580277 -7260.560106 -7203.948580 -7007.318611 -6810.367589 -6696.902155 -6549.830801 -6548.149550 -6142.936630 -6141.336579 -6107.568592 -5925.904995 -5620.673440 -5604.250478 -5341.057193 -5576.555226 -5389.243522 -5305.654844 -5061.353129 -4932.930895 -4879.007158 -4837.224765 -4721.249187 -4839.766220 -4343.480972 -4653.116000 -4296.410156 -4376.117629 -4230.006395 -4008.857691 -4016.464737 -3930.632310 -3873.175523 -4027.919528 -3888.698514 -3724.355425 -3713.741168 -3564.714209 -3781.140166 -3663.891212 -3498.845808 -3358.888215 -3548.908232 -3388.800730 -3396.466062 -3281.808259 -3298.736196 -3307.162906 -3047.005267 -3149.183259 -3217.621285 -3110.246401 -2956.988827 -2892.781825 -2789.561352 -2883.266096 -2813.837145 -2807.218073 -2833.354623 -2793.194760 -2648.688412 -2494.787545 -2732.445886 -2702.618966 -2616.263987 -2583.339783 -2502.806638 -2550.626397 -2478.762126 -2490.178536 -2490.841174 -2545.716781 -2304.774576 -2328.982730 -2177.311870 -2292.733375 -2290.219559 -2197.743523 -2132.279508 -2040.802455 -2074.288272 -1989.713493 -2207.055208 -2160.291479 -1873.401958 -2047.365069 -1959.161245 -1896.771148 -1921.176073 -1856.357936 -1758.299093 -1967.982505 -1948.391576 -1852.510414 -1841.323081 -1776.814796 -1830.970717 -1767.776585 -1901.218575 -1754.283184 -1788.957335 -1563.228283 -1737.083966 -1738.511541 -1759.500087 -1744.037996 -1747.114163 -1660.717857 -1663.838559 -1659.466065 -1473.590465 -1666.202044 -1604.291381 -1526.849336 -1395.866912 -1580.335460 -1430.246315 -1493.591370 -1527.362494 -1491.551768 -1319.151568 -1474.154371 -1400.552899 -1416.339982 -1397.508696 -1420.052132 -1316.963922 -1369.237360 -1342.866171 -1355.844224 -1255.165455 -1385.824030 -1285.814118 -1270.130165 -1302.766627 -1270.718180 -1304.979552 -1407.545626 -1259.411392 -1304.571866 -1216.022370 -1221.758108 -1079.774598 -1093.067256 -1250.631759 -1192.463737 -1061.559044 -1096.913519 -1139.523171 -1182.384032 -1005.492249 -1201.844021 -1196.435649 -1108.263521 -1150.324071 -1113.613823 -1094.129345 -1076.867328 -1029.824643 -1171.997593 -1070.383502 -1163.979165 -1128.781532 -1067.787653 -968.994602 -961.399540 -1043.999685 -1058.792236 -1053.774667 -960.944173 -1009.298263 -922.834293 -934.549889 -1016.442555 -863.509893 -1079.749576 -883.159274 -1124.736730 -916.479703 -823.386088 -897.453559 -914.680149 -914.063772 -777.602375 -897.294001 -799.136658 -861.128428 -850.267413 -859.551752 -819.979646 -871.549297 -953.258901 -891.106764 -965.091170 -923.210468 -826.463014 -807.847135 -815.361256 -870.003925 -809.773487 -866.668476 -860.687379 -849.828702 -812.091178 -724.473230 -732.973526 -693.590666 -753.323338 -775.170220 -793.130007 -704.201427 -804.383176 -687.674061 -714.072858 -745.578364 -683.189410 -537.904766 -778.723359 -711.644057 -721.665732 -665.787310 -594.007680 -776.325820 -700.740661 -652.251240 -697.856481 -649.555403 -733.347036 -641.230415 -690.204511 -600.268657 -689.421629 -668.662642 -634.990787 -621.405175 -694.905030 -604.489368 -663.157409 -740.908310 -620.741273 -617.655474 -617.650132 -628.724427 -596.877641 -488.108995 -629.417732 -607.803125 -494.264200 -572.801017 -559.411963 -619.096806 -546.854758 -528.685130 -479.587282 -587.560566 -644.604288 -573.717878 -553.900656 -625.151982 -517.471278 -484.857953 -663.311351 -595.830972 -519.416184 -434.066380 -561.781039 -406.559628 -427.401517 -642.306295 -553.273308 -448.302087 -526.392095 -570.542816 -525.753753 -558.024412 -512.354285 -550.742916 -533.189805 -485.694470 -561.256460 -521.875254 -513.550591 -546.281865 -501.068565 -520.910367 -422.806882 -556.757629 -565.762141 -393.820053 -412.930984 -461.094497 -484.310196 -462.577694 -471.896004 -544.266552 -464.687147 -487.158036 -526.678832 -433.249173 -517.868732 -391.537131 -313.254016 -409.019057 -392.831933 -371.692245 -498.599730 -362.554039 -391.554843 -515.601825 -432.694690 -323.833111 -427.016778 -449.245411 -497.518690 -434.836330 -479.198039 -356.603547 -456.052585 -372.544774 -477.079958 -459.657809 -359.278070 -443.940481 -458.644771 -490.390687 -465.177972 -430.006388 -380.875660 -401.785570 -312.735851 -358.726306 -430.756659 -387.826688 -485.936184 -325.084886 -370.272598 -268.499095 -394.764149 -445.067558 -356.409095 -370.788579 -413.205722 -427.660499 -463.152538 -508.681694 -411.247803 -421.850603 -440.489966 -391.165687 -422.877572 -420.625461 -350.409140 -340.228466 -311.083238 -309.973279 -318.898466 -351.858581 -254.853477 -329.882988 -310.946950 -483.045213 -265.177610 -331.143024 -290.543980 -423.778102 -421.045555 -357.346363 -300.680442 -381.047606 -265.447747 -361.880706 -397.346362 -279.844572 -435.375211 -334.938140 -342.533252 -296.160395 -363.819465 -292.510331 -329.232902 -318.986966 -336.772532 -355.589411 -313.437512 -246.316721 -294.226917 -271.168016 -268.139895 -373.142459 -363.175620 -331.239229 -330.333233 -286.457532 -364.612008 -433.796590 -321.011177 -261.255717 -306.530009 -300.834076 -346.167810 -317.531103 -241.923887 -308.346086 -283.797618 -330.278403 -261.788364 -334.327433 -298.895534 -322.492586 -380.118540 -298.773319 -250.456856 -323.169083 -321.909938 -329.679359 -280.477317 -436.303681 -272.158439 -356.041535 -389.952913 -300.892518 -332.860299 -359.856200 -195.880181 -292.932184 -321.012170 -382.120093 -241.255910 -276.419578 -228.611054 -290.830304 -334.077283 -290.351964 -264.654304 -305.984272 -327.341830 -279.726961 -282.139626 -302.579796 -186.047444 -350.542545 -267.065077 -315.615015 -323.192338 -417.797023 -311.429060 -352.088424 -230.775096 -318.489061 -259.230315 -259.998836 -225.794616 -334.617642 -255.467916 -365.345415 -383.250146 -253.182103 -291.141274 -116.063833 
 fitted_sfs: 851383.299984 426118.194739 284363.730081 213486.926885 170961.189280 142610.985365 122361.087132 107173.880635 95361.802518 85912.314821 78181.075158 71738.521994 66287.266496 61614.888201 57565.612013 54022.606487 50896.530161 48117.895277 45631.842731 43394.485532 41370.296008 39530.206046 37850.203260 36310.276596 34893.617074 33586.002085 32375.315634 31251.172715 30204.620777 29227.900900 28314.255362 27457.771081 26653.251774 25896.112425 25182.292118 24508.181074 23870.559819 23266.547683 22693.559523 22149.268495 21631.575543 21138.580277 20668.560106 20219.948580 19791.318611 19381.367589 18988.902155 18612.830801 18252.149550 17905.936630 17573.336579 17253.568592 16945.904995 16649.673440 16364.250478 16089.057193 15823.555226 15567.243522 15319.654844 15080.353129 14848.930895 14625.007158 14408.224765 14198.249187 13994.766220 13797.480972 13606.116000 13420.410156 13240.117629 13065.006395 12894.857691 12729.464737 12568.632310 12412.175523 12259.919528 12111.698514 11967.355425 11826.741168 11689.714209 11556.140166 11425.891212 11298.845808 11174.888215 11053.908232 10935.800730 10820.466062 10707.808259 10597.736196 10490.162906 10385.005267 10282.183259 10181.621285 10083.246401 9986.988827 9892.781825 9800.561352 9710.266096 9621.837145 9535.218073 9450.354623 9367.194760 9285.688412 9205.787545 9127.445886 9050.618966 8975.263987 8901.339783 8828.806638 8757.626397 8687.762126 8619.178536 8551.841174 8485.716781 8420.774576 8356.982730 8294.311870 8232.733375 8172.219559 8112.743523 8054.279508 7996.802455 7940.288272 7884.713493 7830.055208 7776.291479 7723.401958 7671.365069 7620.161245 7569.771148 7520.176073 7471.357936 7423.299093 7375.982505 7329.391576 7283.510414 7238.323081 7193.814796 7149.970717 7106.776585 7064.218575 7022.283184 6980.957335 6940.228283 6900.083966 6860.511541 6821.500087 6783.037996 6745.114163 6707.717857 6670.838559 6634.466065 6598.590465 6563.202044 6528.291381 6493.849336 6459.866912 6426.335460 6393.246315 6360.591370 6328.362494 6296.551768 6265.151568 6234.154371 6203.552899 6173.339982 6143.508696 6114.052132 6084.963922 6056.237360 6027.866171 5999.844224 5972.165455 5944.824030 5917.814118 5891.130165 5864.766627 5838.718180 5812.979552 5787.545626 5762.411392 5737.571866 5713.022370 5688.758108 5664.774598 5641.067256 5617.631759 5594.463737 5571.559044 5548.913519 5526.523171 5504.384032 5482.492249 5460.844021 5439.435649 5418.263521 5397.324071 5376.613823 5356.129345 5335.867328 5315.824643 5295.997593 5276.383502 5256.979165 5237.781532 5218.787653 5199.994602 5181.399540 5162.999685 5144.792236 5126.774667 5108.944173 5091.298263 5073.834293 5056.549889 5039.442555 5022.509893 5005.749576 4989.159274 4972.736730 4956.479703 4940.386088 4924.453559 4908.680149 4893.063772 4877.602375 4862.294001 4847.136658 4832.128428 4817.267413 4802.551752 4787.979646 4773.549297 4759.258901 4745.106764 4731.091170 4717.210468 4703.463014 4689.847135 4676.361256 4663.003925 4649.773487 4636.668476 4623.687379 4610.828702 4598.091178 4585.473230 4572.973526 4560.590666 4548.323338 4536.170220 4524.130007 4512.201427 4500.383176 4488.674061 4477.072858 4465.578364 4454.189410 4442.904766 4431.723359 4420.644057 4409.665732 4398.787310 4388.007680 4377.325820 4366.740661 4356.251240 4345.856481 4335.555403 4325.347036 4315.230415 4305.204511 4295.268657 4285.421629 4275.662642 4265.990787 4256.405175 4246.905030 4237.489368 4228.157409 4218.908310 4209.741273 4200.655474 4191.650132 4182.724427 4173.877641 4165.108995 4156.417732 4147.803125 4139.264200 4130.801017 4122.411963 4114.096806 4105.854758 4097.685130 4089.587282 4081.560566 4073.604288 4065.717878 4057.900656 4050.151982 4042.471278 4034.857953 4027.311351 4019.830972 4012.416184 4005.066380 3997.781039 3990.559628 3983.401517 3976.306295 3969.273308 3962.302087 3955.392095 3948.542816 3941.753753 3935.024412 3928.354285 3921.742916 3915.189805 3908.694470 3902.256460 3895.875254 3889.550591 3883.281865 3877.068565 3870.910367 3864.806882 3858.757629 3852.762141 3846.820053 3840.930984 3835.094497 3829.310196 3823.577694 3817.896004 3812.266552 3806.687147 3801.158036 3795.678832 3790.249173 3784.868732 3779.537131 3774.254016 3769.019057 3763.831933 3758.692245 3753.599730 3748.554039 3743.554843 3738.601825 3733.694690 3728.833111 3724.016778 3719.245411 3714.518690 3709.836330 3705.198039 3700.603547 3696.052585 3691.544774 3687.079958 3682.657809 3678.278070 3673.940481 3669.644771 3665.390687 3661.177972 3657.006388 3652.875660 3648.785570 3644.735851 3640.726306 3636.756659 3632.826688 3628.936184 3625.084886 3621.272598 3617.499095 3613.764149 3610.067558 3606.409095 3602.788579 3599.205722 3595.660499 3592.152538 3588.681694 3585.247803 3581.850603 3578.489966 3575.165687 3571.877572 3568.625461 3565.409140 3562.228466 3559.083238 3555.973279 3552.898466 3549.858581 3546.853477 3543.882988 3540.946950 3538.045213 3535.177610 3532.143024 3529.543980 3526.778102 3524.045555 3521.346363 3518.680442 3516.047606 3513.447747 3510.880706 3508.346362 3505.844572 3503.375211 3500.938140 3498.533252 3496.160395 3493.819465 3491.510331 3489.232902 3486.986966 3484.772532 3482.589411 3480.437512 3478.316721 3476.226917 3474.168016 3472.139895 3470.142459 3468.175620 3466.239229 3464.333233 3462.457532 3460.612008 3458.796590 3457.011177 3455.255717 3453.530009 3451.834076 3450.167810 3448.531103 3446.923887 3445.346086 3443.797618 3442.278403 3440.788364 3439.327433 3437.895534 3436.492586 3435.118540 3433.773319 3432.456856 3431.169083 3429.909938 3428.679359 3427.477317 3426.303681 3425.158439 3424.041535 3422.952913 3421.892518 3420.860299 3419.856200 3418.880181 3417.932184 3417.012170 3416.120093 3415.255910 3414.419578 3413.611054 3412.830304 3412.077283 3411.351964 3410.654304 3409.984272 3409.341830 3408.726961 3408.139626 3407.579796 3407.047444 3406.542545 3406.065077 3405.615015 3405.192338 3404.797023 3404.429060 3404.088424 3403.775096 3403.489061 3403.230315 3402.998836 3402.794616 3402.617642 3402.467916 3402.345415 3402.250146 3402.182103 3402.141274 1701.063833 
 >
 log_likelihood: -24804071.888789 
 distance: 30955.087282 
 breakpoints: 14 
 thetas: 1069469.690018 618506.440820 
 se_thetas: 2506.001964 2628.781130 
 residues: -6341.730193 11216.529006 11293.012750 8400.983619 4558.314017 1482.431122 -392.657464 -2474.822194 -3023.504287 -3755.121906 -4133.306093 -4181.571757 -4762.758775 -5083.601721 -5175.287144 -4480.073650 -4623.812528 -4649.558897 -4438.685988 -4219.575983 -3741.325878 -4216.125374 -3673.088038 -3692.392034 -3628.642224 -3507.386529 -3355.743969 -2969.117560 -3031.968091 -2762.634625 -2932.190937 -2468.329235 -2636.265764 -2495.663015 -2503.565808 -2640.347726 -2058.666692 -1944.427276 -2113.749194 -1684.940017 -1859.473470 -1777.967113 -1622.168413 -1687.938147 -1608.238517 -1523.122458 -1516.721492 -1472.242536 -1568.955273 -1258.190191 -1347.322757 -1400.787612 -1303.054777 -1078.635320 -1140.075871 -951.955441 -1259.882499 -1142.492740 -1126.446362 -947.426251 -882.136068 -889.298857 -906.654793 -847.960673 -1021.987927 -579.522180 -941.361657 -635.316421 -764.207793 -665.866980 -491.134932 -543.861228 -501.903965 -487.128647 -683.408166 -584.621903 -459.655678 -487.401055 -375.755098 -628.620112 -546.903127 -416.515772 -310.373864 -533.397259 -405.509444 -444.638210 -360.713528 -407.669161 -445.441924 -213.971420 -344.199208 -440.070574 -359.532412 -232.533941 -194.026655 -115.963961 -234.301298 -188.995795 -206.006447 -255.293778 -237.819967 -115.548580 16.555289 -242.474693 -233.606189 -167.808076 -155.050433 -94.304355 -161.542124 -108.736824 -138.862903 -157.895186 -230.809360 -7.583611 -49.194219 85.380008 -46.840143 -60.834549 15.416422 64.931439 140.728746 91.825804 161.239707 -71.012752 -38.915614 233.545445 45.386651 119.622044 168.265707 130.331235 181.831753 266.780119 44.188713 51.069629 134.434333 133.294602 185.660999 119.544397 170.955158 25.903319 161.398714 115.450849 330.069005 145.261790 133.038977 101.408095 106.377709 92.955911 169.150485 155.969096 150.419162 326.507877 124.242324 176.629349 244.675580 366.387582 172.771610 313.834053 241.580713 199.017530 226.150288 389.984500 226.525653 291.779024 267.749846 278.443137 247.863983 343.016874 282.906812 301.538335 280.915881 374.043877 235.926536 328.568143 336.972697 297.144259 322.086675 280.803793 171.299328 312.576919 260.640232 342.492605 330.137584 465.578368 445.818343 281.860614 333.708399 458.364678 416.832501 368.114750 319.214321 490.134012 287.876596 287.444759 369.841120 322.068278 353.128759 367.025068 378.759595 420.334539 272.752846 369.016212 270.127034 300.087544 355.899880 449.566180 452.088506 364.468871 344.709347 344.811685 432.778013 379.610093 461.309904 444.879112 358.319559 506.632990 285.821082 477.885541 231.828005 435.650110 524.353343 445.939495 424.409921 420.766146 553.009677 429.141914 523.164326 457.078301 463.885226 450.586454 486.183280 430.677013 345.068989 403.360419 325.552559 363.646595 456.643727 471.545197 460.352146 402.065571 458.686738 398.216690 400.656543 408.007400 442.270093 526.445857 514.535628 550.540446 487.461244 462.298985 441.054620 526.729070 423.323306 536.838173 507.274562 472.633349 531.915379 674.121581 430.252700 494.309560 481.292992 534.203769 603.042719 417.810564 490.508098 536.135987 487.695050 533.185992 446.609514 535.966320 484.257197 571.482492 479.643252 497.739986 528.773360 539.744027 463.652503 551.499572 490.285768 410.011711 527.677972 528.285159 525.833834 512.324614 541.757991 648.134544 504.454828 523.719364 634.928994 554.083260 565.183817 503.230586 573.224195 589.165153 636.053907 525.890926 466.676738 535.411721 553.096396 479.731237 585.316646 615.853047 435.340946 500.780661 575.172682 658.517465 528.815370 682.066769 659.272166 442.431788 529.546176 632.615641 552.640582 506.621378 549.558382 515.451955 559.302473 519.110252 534.875669 580.599077 503.280797 540.921241 547.520497 513.079087 556.597423 535.075678 631.514115 495.913115 485.273040 655.594134 634.876656 585.120944 560.327286 580.495960 569.628002 495.721417 573.778760 549.799523 508.783999 600.732451 514.645101 639.522235 716.364117 619.170977 633.943041 653.680632 525.383906 660.053128 629.688542 504.290378 585.858841 693.394178 588.896617 565.366349 515.803619 577.208631 531.581597 652.922706 552.232145 634.510244 528.757052 544.972839 644.157784 558.312075 542.435915 509.529483 533.592969 567.626539 615.630407 593.604717 681.549677 634.465410 561.352135 603.210011 504.039178 663.839844 617.612138 718.356227 591.072280 539.760438 627.420876 612.053709 568.659190 553.237244 516.788231 470.312231 566.809342 555.279796 535.723649 584.141063 551.532182 552.897111 622.236022 631.549003 659.836213 660.097783 650.333776 616.544381 712.729690 636.889828 655.024915 482.135055 699.220376 632.533683 672.317272 538.328500 540.315597 603.278455 659.217107 578.131708 693.022322 595.889074 559.732047 676.551349 520.347066 620.119306 611.868136 657.593678 589.296000 659.975202 622.631334 632.264599 613.874927 594.462492 636.027351 702.569587 654.089295 676.586526 679.061375 573.513910 582.944184 614.352336 614.738376 658.102382 579.444450 509.764620 622.062972 681.339521 635.594475 640.827758 595.039461 623.229678 698.398446 631.545822 655.671866 608.776639 676.860195 603.922582 638.963859 614.984086 556.983291 637.961534 685.918864 612.855331 613.770981 605.665858 654.539967 498.393441 662.226265 578.038479 543.830126 632.601246 600.351874 573.082056 736.791815 639.481199 611.150233 549.798951 690.427385 655.035564 702.623523 640.191283 596.738881 640.266331 665.773669 624.260916 602.728102 650.175233 647.602341 627.009450 743.396576 578.763740 662.110955 613.438239 605.745610 511.033084 617.300665 576.548374 697.776226 609.984233 669.172391 668.340722 702.489231 593.617928 672.726807 562.815891 544.885170 674.934650 636.964342 347.987119 
 fitted_sfs: 924993.730193 413575.470994 253656.987250 179071.016381 137236.685983 110996.568878 93212.657464 80443.822194 70855.504287 63394.121906 57418.306093 52518.571757 48422.758775 44943.601721 41948.287144 39340.073650 37046.812528 35013.558897 33197.685988 31565.575983 30090.325878 28750.125374 27527.088038 26406.392034 25375.642224 24424.386529 23543.743969 22726.117560 21964.968091 21254.634625 20590.190937 19967.329235 19382.265764 18831.663015 18312.565808 17822.347726 17358.666692 16919.427276 16502.749194 16106.940017 15730.473470 15371.967113 15030.168413 14703.938147 14392.238517 14094.122458 13808.721492 13535.242536 13272.955273 13021.190191 12779.322757 12546.787612 12323.054777 12107.635320 11900.075871 11699.955441 11506.882499 11320.492740 11140.446362 10966.426251 10798.136068 10635.298857 10477.654793 10324.960673 10176.987927 10033.522180 9894.361657 9759.316421 9628.207793 9500.866980 9377.134932 9256.861228 9139.903965 9026.128647 8915.408166 8807.621903 8702.655678 8600.401055 8500.755098 8403.620112 8308.903127 8216.515772 8126.373864 8038.397259 7952.509444 7868.638210 7786.713528 7706.669161 7628.441924 7551.971420 7477.199208 7404.070574 7332.532412 7262.533941 7194.026655 7126.963961 7061.301298 6996.995795 6934.006447 6872.293778 6811.819967 6752.548580 6694.444711 6637.474693 6581.606189 6526.808076 6473.050433 6420.304355 6368.542124 6317.736824 6267.862903 6218.895186 6170.809360 6123.583611 6077.194219 6031.619992 5986.840143 5942.834549 5899.583578 5857.068561 5815.271254 5774.174196 5733.760293 5694.012752 5654.915614 5616.454555 5578.613349 5541.377956 5504.734293 5468.668765 5433.168247 5398.219881 5363.811287 5329.930371 5296.565667 5263.705398 5231.339001 5199.455603 5168.044842 5137.096681 5106.601286 5076.549151 5046.930995 5017.738210 4988.961023 4960.591905 4932.622291 4905.044089 4877.849515 4851.030904 4824.580838 4798.492123 4772.757676 4747.370651 4722.324420 4697.612418 4673.228390 4649.165947 4625.419287 4601.982470 4578.849712 4556.015500 4533.474347 4511.220976 4489.250154 4467.556863 4446.136017 4424.983126 4404.093188 4383.461665 4363.084119 4342.956123 4323.073464 4303.431857 4284.027303 4264.855741 4245.913325 4227.196207 4208.700672 4190.423081 4172.359768 4154.507395 4136.862416 4119.421632 4102.181657 4085.139386 4068.291601 4051.635322 4035.167499 4018.885250 4002.785679 3986.865988 3971.123404 3955.555241 3940.158880 3924.931722 3909.871241 3894.974932 3880.240405 3865.665461 3851.247154 3836.983788 3822.872966 3808.912456 3795.100120 3781.433820 3767.911494 3754.531129 3741.290653 3728.188315 3715.221987 3702.389907 3689.690096 3677.120888 3664.680441 3652.367010 3640.178918 3628.114459 3616.171995 3604.349890 3592.646657 3581.060505 3569.590079 3558.233854 3546.990323 3535.858086 3524.835674 3513.921699 3503.114774 3492.413546 3481.816720 3471.322987 3460.931011 3450.639581 3440.447441 3430.353405 3420.356273 3410.454803 3400.647854 3390.934429 3381.313262 3371.783310 3362.343457 3352.992600 3343.729907 3334.554143 3325.464372 3316.459554 3307.538756 3298.701015 3289.945380 3281.270930 3272.676694 3264.161827 3255.725438 3247.366651 3239.084621 3230.878419 3222.747300 3214.690440 3206.707008 3198.796231 3190.957281 3183.189436 3175.491902 3167.864013 3160.304950 3152.814008 3145.390486 3138.033680 3130.742803 3123.517508 3116.356748 3109.260014 3102.226640 3095.255973 3088.347497 3081.500428 3074.714232 3067.988289 3061.322028 3054.714841 3048.166166 3041.675386 3035.242009 3028.865456 3022.545172 3016.280636 3010.071006 3003.916740 2997.816183 2991.769414 2985.775805 2979.834847 2973.946093 2968.109074 2962.323262 2956.588279 2950.903604 2945.268763 2939.683354 2934.146953 2928.659054 2923.219339 2917.827318 2912.482535 2907.184630 2901.933231 2896.727834 2891.568212 2886.453824 2881.384359 2876.359418 2871.378622 2866.441618 2861.548045 2856.697527 2851.889748 2847.124331 2842.400923 2837.719203 2833.078759 2828.479503 2823.920913 2819.402577 2814.924322 2810.485885 2806.086885 2801.726960 2797.405866 2793.123344 2788.879056 2784.672714 2780.504040 2776.371998 2772.278583 2768.221240 2764.200477 2760.216001 2756.267549 2752.354899 2748.477765 2744.635883 2740.829023 2737.056959 2733.319368 2729.616094 2725.946872 2722.311458 2718.709622 2715.141159 2711.605822 2708.103383 2704.633651 2701.196381 2697.791369 2694.418403 2691.077294 2687.767855 2684.489756 2681.242948 2678.027161 2674.842216 2671.687925 2668.564085 2665.470517 2662.407031 2659.373461 2656.369593 2653.395283 2650.450323 2647.534590 2644.647865 2641.789989 2638.960822 2636.160156 2633.387862 2630.643773 2627.927720 2625.239562 2622.579124 2619.946291 2617.340810 2614.762756 2612.211769 2609.687769 2607.190658 2604.720204 2602.276351 2599.858937 2597.467818 2595.102889 2592.763978 2590.450997 2588.163787 2585.902217 2583.666224 2581.455619 2579.270310 2577.110172 2574.975085 2572.864945 2570.779624 2568.466317 2566.682728 2564.671500 2562.684403 2560.721545 2558.782893 2556.868292 2554.977678 2553.110926 2551.267953 2549.448651 2547.652934 2545.880694 2544.131864 2542.406322 2540.704000 2539.024798 2537.368666 2535.735401 2534.125073 2532.537508 2530.972649 2529.430413 2527.910705 2526.413474 2524.938625 2523.486090 2522.055816 2520.647664 2519.261624 2517.897618 2516.555550 2515.235380 2513.937028 2512.660479 2511.405525 2510.172242 2508.960539 2507.770322 2506.601554 2505.454178 2504.328134 2503.223361 2502.139805 2501.077418 2500.036141 2499.015914 2498.016709 2497.038466 2496.081136 2495.144669 2494.229019 2493.334142 2492.460033 2491.606559 2490.773735 2489.961521 2489.169874 2488.398754 2487.648126 2486.917944 2486.208185 2485.518801 2484.849767 2484.201049 2483.572615 2482.964436 2482.376477 2481.808717 2481.261119 2480.733669 2480.226331 2479.739084 2479.271898 2478.824767 2478.397659 2477.990550 2477.603424 2477.236260 2476.889045 2476.561761 2476.254390 2475.966916 2475.699335 2475.451626 2475.223774 2475.015767 2474.827609 2474.659278 2474.510769 2474.382072 2474.273193 2474.184109 2474.114830 2474.065350 2474.035658 1237.012881 
 >
 log_likelihood: -24777643.810264 
 distance: 2105.909687 
 breakpoints: 17 32 
 thetas: 1000405.263226 498677.724367 891819.293643 
 se_thetas: 128.426232 283.475700 1665.920846 
 residues: 95.955219 -493.424441 231.475809 623.353892 57.304948 -304.669517 -82.951330 -607.771038 -35.359806 14.090110 157.518431 435.752204 36.072877 -209.777138 -303.725999 334.063704 94.334126 -53.573860 18.175826 87.999351 411.778889 -219.065355 168.934927 -2.586299 -86.995995 -109.030728 -95.313289 159.018548 -30.398431 118.074207 -166.744184 187.289611 -85.243075 -44.230330 -146.954955 -374.033095 121.635798 153.910579 -93.557401 260.704723 15.014165 28.555191 119.393424 -8.507770 11.724392 39.882434 -8.309861 -16.194441 -163.167233 99.323573 -36.207850 -134.298431 -79.514161 103.544392 2.246991 151.936483 -193.068674 -111.472525 -129.999276 15.608230 48.590121 10.170637 -37.439915 -8.044829 -210.459277 204.489986 -184.034008 96.122167 -57.897223 16.044116 167.074560 91.315525 110.881501 103.881023 -113.583375 -35.414376 69.480111 22.187557 114.790987 -156.630819 -93.002876 19.746076 108.683930 -131.124687 -19.618056 -74.738028 -6.428063 -68.634762 -121.307195 95.603324 -48.856009 -158.641159 -91.709284 21.980566 47.467496 112.789079 -18.018764 15.078542 -13.885952 -74.880408 -68.874340 42.161634 163.255651 -106.565139 -108.274664 -52.847832 -50.260522 0.510580 -76.512190 -33.307111 -72.853615 -101.131368 -183.120728 31.195719 -19.162728 106.820966 -33.836446 -56.118743 11.989924 53.504590 121.439968 64.810121 126.628839 -113.090296 -88.334419 176.907878 -18.350161 48.902729 90.677905 45.986329 90.838574 169.245016 -59.784367 -59.239817 17.887883 10.608287 56.929854 -15.138626 30.411201 -120.412580 9.397967 -42.149495 166.952519 -23.289100 -40.866340 -77.773255 -78.002903 -96.548754 -25.404540 -43.564074 -54.021376 117.229350 -89.806181 -42.122448 21.285885 138.424119 -59.702714 76.910565 0.268604 -46.623798 -23.761970 135.858522 -31.757891 29.393040 1.315540 8.013649 -26.508513 64.752632 0.801154 15.640705 -8.725144 80.707182 -61.058927 27.979993 32.827159 -10.514149 10.959163 -33.749797 -146.638038 -8.702626 -63.940592 14.650735 -0.925767 131.332462 108.428168 -58.636156 -9.857905 111.765313 67.235966 15.556370 -36.271134 131.755704 -73.360874 -76.618704 2.984324 -47.549696 -19.218724 -8.020740 1.046180 39.983784 -110.205474 -16.520302 -117.958747 -90.519006 -37.199357 54.001927 54.086507 -35.943994 -58.087899 -60.343820 25.289985 -30.185077 49.232606 30.544357 -58.248329 87.855955 -135.141442 54.760858 -193.435827 8.269826 94.879003 14.393176 -9.186584 -14.859043 115.377014 -10.477288 81.579241 13.547718 18.429263 3.224967 36.935870 -20.436971 -107.892473 -51.429666 -131.047535 -94.745125 -3.521471 9.624438 -3.306479 -63.313438 -8.395398 -70.551524 -69.780913 -64.082670 -31.456151 51.099666 37.585526 72.002273 7.350655 -19.368551 -42.154580 41.993311 -62.924087 49.093897 18.047984 -18.061118 39.767268 180.533903 -64.760624 -2.115647 -16.530493 34.995458 102.462879 -84.127651 -12.775490 31.519890 -18.240841 25.942886 -61.928368 26.145966 -26.833465 59.133575 -33.952019 -17.089858 12.720598 22.479877 -54.811620 31.846760 -30.544562 -111.985085 4.525650 3.988136 0.402823 -14.229786 14.090699 119.364747 -25.407192 -7.224701 102.912940 21.005234 31.053665 -31.941909 37.019038 51.936916 97.812083 -13.355087 -73.564159 -5.814840 10.893298 -63.439360 41.187505 70.774232 -110.678760 -46.171230 27.297225 109.726981 -20.881681 131.471534 107.787048 -109.934977 -23.694086 78.509962 -2.322508 -49.191190 -7.095800 -42.036049 0.988370 -40.022293 -25.067732 19.852342 -58.261817 -21.409867 -15.591767 -50.807070 -8.055434 -30.336736 65.349228 -70.997226 -82.375797 87.213703 65.771480 15.297811 -10.207071 9.257055 -2.308875 -76.906766 0.465739 -24.191871 -65.879357 25.403494 -61.343145 62.880962 139.076029 41.242238 55.379769 74.488892 -54.430277 79.622479 48.647357 -77.355455 3.614202 110.556532 5.471719 -18.640086 -68.778682 -7.943906 -54.135588 66.646424 -34.597723 47.132254 -59.163624 -43.485133 55.167874 -31.204456 -47.601957 -81.024484 -57.471885 -23.944027 23.559266 1.038107 88.492666 40.923038 -32.670597 8.711891 -90.929391 68.405731 21.717358 122.005623 -5.729334 -57.487402 29.731563 13.927649 -29.898927 -45.748254 -82.620015 -129.514152 -33.430593 -45.369139 -65.329754 -17.312306 -50.316677 -49.342786 19.609513 28.540283 56.449657 56.337740 46.204579 12.050331 107.875069 31.678892 49.461900 -123.775826 92.965819 25.923300 65.387830 -68.932158 -67.272187 -4.632372 50.987302 -30.413031 84.166675 -13.273475 -49.733418 66.786936 -89.712345 9.768827 1.230504 46.672787 -21.904271 48.499412 10.883871 20.249285 1.595577 -18.077099 23.231298 89.520836 40.791593 63.043607 65.276958 -40.508302 -31.312131 -0.134410 0.024862 43.165748 -35.711670 -105.607364 6.478732 65.546626 19.596501 24.628278 -21.357963 6.637855 81.615761 14.575800 38.518020 -8.557528 59.349200 -13.761760 21.109641 -3.036546 -61.200304 19.618419 67.419662 -5.796534 -5.030133 -13.281099 35.450567 -120.835016 42.862132 -41.457956 -75.795246 12.850295 -19.521304 -46.910007 116.684205 19.261371 -9.178489 -70.635348 69.890820 34.400039 81.892337 19.367730 -24.173751 19.267904 44.692725 3.100730 -18.508058 28.866365 26.224025 5.564942 121.889129 -42.803396 40.487375 -8.238541 -15.981132 -110.740382 -4.516291 -45.308841 75.881981 -11.943816 47.213765 46.354742 80.479118 -28.413097 50.678090 -59.247301 -77.189279 52.852161 14.877029 36.942659 
 fitted_sfs: 918556.044781 425285.424441 264718.524191 186848.646108 141737.695052 112783.669517 92902.951330 78576.771038 67867.359806 59624.909890 53127.481569 47901.247796 43623.927123 40069.777138 37076.725999 34525.936296 32328.665874 30417.573860 28740.824174 27258.000649 25937.221111 24753.065355 23685.065073 22716.586299 21833.995995 21026.030728 20283.313289 19597.981452 18963.398431 18373.925793 17824.744184 17311.710389 16831.243075 16380.230330 15955.954955 15556.033095 15178.364202 14821.089421 14482.557401 14161.295277 13855.985835 13565.444809 13288.606576 13024.507770 12772.275608 12531.117566 12300.309861 12079.194441 11867.167233 11663.676427 11468.207850 11280.298431 11099.514161 10925.455608 10757.753009 10596.063517 10440.068674 10289.472525 10143.999276 10003.391770 9867.409879 9735.829363 9608.439915 9485.044829 9365.459277 9249.510014 9137.034008 9027.877833 8921.897223 8818.955884 8718.925440 8621.684475 8527.118499 8435.118977 8345.583375 8258.414376 8173.519889 8090.812443 8010.209013 7931.630819 7855.002876 7780.253924 7707.316070 7636.124687 7566.618056 7498.738028 7432.428063 7367.634762 7304.307195 7242.396676 7181.856009 7122.641159 7064.709284 7008.019434 6952.532504 6898.210921 6845.018764 6792.921458 6741.885952 6691.880408 6642.874340 6594.838366 6547.744349 6501.565139 6456.274664 6411.847832 6368.260522 6325.489420 6283.512190 6242.307111 6201.853615 6162.131368 6123.120728 6084.804281 6047.162728 6010.179034 5973.836446 5938.118743 5903.010076 5868.495410 5834.560032 5801.189879 5768.371161 5736.090296 5704.334419 5673.092122 5642.350161 5612.097271 5582.322095 5553.013671 5524.161426 5495.754984 5467.784367 5440.239817 5413.112117 5386.391713 5360.070146 5334.138626 5308.588799 5283.412580 5258.602033 5234.149495 5210.047481 5186.289100 5162.866340 5139.773255 5117.002903 5094.548754 5072.404540 5050.564074 5029.021376 5007.770650 4986.806181 4966.122448 4945.714115 4925.575881 4905.702714 4886.089435 4866.731396 4847.623798 4828.761970 4810.141478 4791.757891 4773.606960 4755.684460 4737.986351 4720.508513 4703.247368 4686.198846 4669.359295 4652.725144 4636.292818 4620.058927 4604.020007 4588.172841 4572.514149 4557.040837 4541.749797 4526.638038 4511.702626 4496.940592 4482.349265 4467.925767 4453.667538 4439.571832 4425.636156 4411.857905 4398.234687 4384.764034 4371.443630 4358.271134 4345.244296 4332.360874 4319.618704 4307.015676 4294.549696 4282.218724 4270.020740 4257.953820 4246.016216 4234.205474 4222.520302 4210.958747 4199.519006 4188.199357 4176.998073 4165.913493 4154.943994 4144.087899 4133.343820 4122.710015 4112.185077 4101.767394 4091.455643 4081.248329 4071.144045 4061.141442 4051.239142 4041.435827 4031.730174 4022.120997 4012.606824 4003.186584 3993.859043 3984.622986 3975.477288 3966.420759 3957.452282 3948.570737 3939.775033 3931.064130 3922.436971 3913.892473 3905.429666 3897.047535 3888.745125 3880.521471 3872.375562 3864.306479 3856.313438 3848.395398 3840.551524 3832.780913 3825.082670 3817.456151 3809.900334 3802.414474 3794.997727 3787.649345 3780.368551 3773.154580 3766.006689 3758.924087 3751.906103 3744.952016 3738.061118 3731.232732 3724.466097 3717.760624 3711.115647 3704.530493 3698.004542 3691.537121 3685.127651 3678.775490 3672.480110 3666.240841 3660.057114 3653.928368 3647.854034 3641.833465 3635.866425 3629.952019 3624.089858 3618.279402 3612.520123 3606.811620 3601.153240 3595.544562 3589.985085 3584.474350 3579.011864 3573.597177 3568.229786 3562.909301 3557.635253 3552.407192 3547.224701 3542.087060 3536.994766 3531.946335 3526.941909 3521.980962 3517.063084 3512.187917 3507.355087 3502.564159 3497.814840 3493.106702 3488.439360 3483.812495 3479.225768 3474.678760 3470.171230 3465.702775 3461.273019 3456.881681 3452.528466 3448.212952 3443.934977 3439.694086 3435.490038 3431.322508 3427.191190 3423.095800 3419.036049 3415.011630 3411.022293 3407.067732 3403.147658 3399.261817 3395.409867 3391.591767 3387.807070 3384.055434 3380.336736 3376.650772 3372.997226 3369.375797 3365.786297 3362.228520 3358.702189 3355.207071 3351.742945 3348.308875 3344.906766 3341.534261 3338.191871 3334.879357 3331.596506 3328.343145 3325.119038 3321.923971 3318.757762 3315.620231 3312.511108 3309.430277 3306.377521 3303.352643 3300.355455 3297.385798 3294.443468 3291.528281 3288.640086 3285.778682 3282.943906 3280.135588 3277.353576 3274.597723 3271.867746 3269.163624 3266.485133 3263.832126 3261.204456 3258.601957 3256.024484 3253.471885 3250.944027 3248.440734 3245.961893 3243.507334 3241.076962 3238.670597 3236.288109 3233.929391 3231.594269 3229.282642 3226.994377 3224.729334 3222.487402 3220.268437 3218.072351 3215.898927 3213.748254 3211.620015 3209.514152 3207.430593 3205.369139 3203.329754 3201.312306 3199.316677 3197.342786 3195.390487 3193.459717 3191.550343 3189.662260 3187.795421 3185.949669 3184.124931 3182.321108 3180.538100 3178.775826 3177.034181 3175.076700 3173.612170 3171.932158 3170.272187 3168.632372 3167.012698 3165.413031 3163.833325 3162.273475 3160.733418 3159.213064 3157.712345 3156.231173 3154.769496 3153.327213 3151.904271 3150.500588 3149.116129 3147.750715 3146.404423 3145.077099 3143.768702 3142.479164 3141.208407 3139.956393 3138.723042 3137.508302 3136.312131 3135.134410 3133.975138 3132.834252 3131.711670 3130.607364 3129.521268 3128.453374 3127.403499 3126.371722 3125.357963 3124.362145 3123.384239 3122.424200 3121.481980 3120.557528 3119.650800 3118.761760 3117.890359 3117.036546 3116.200304 3115.381581 3114.580338 3113.796534 3113.030133 3112.281099 3111.549433 3110.835016 3110.137868 3109.457956 3108.795246 3108.149705 3107.521304 3106.910007 3106.315795 3105.738629 3105.178489 3104.635348 3104.109180 3103.599961 3103.107663 3102.632270 3102.173751 3101.732096 3101.307275 3100.899270 3100.508058 3100.133635 3099.775975 3099.435058 3099.110871 3098.803396 3098.512625 3098.238541 3097.981132 3097.740382 3097.516291 3097.308841 3097.118019 3096.943816 3096.786235 3096.645258 3096.520882 3096.413097 3096.321910 3096.247301 3096.189279 3096.147839 3096.122971 1548.057341 
 >
 log_likelihood: -24777642.805651 
 distance: 2103.901611 
 breakpoints: 17 27 34 
 thetas: 1000397.841744 498665.222714 508412.009526 1181016.246430 
 se_thetas: 139.397472 429.396201 2930.753716 7615.972386 
 residues: 98.385755 -494.573148 229.226887 620.627475 54.351868 -307.722821 -86.032039 -610.833367 -38.373153 11.147115 154.661190 432.992073 33.418358 -212.319625 -306.151585 331.758696 92.152449 -55.630187 16.246278 86.197533 410.105361 -220.610360 167.518410 -3.874591 -88.156515 -110.064093 -96.220252 158.237115 -31.055305 117.540834 -167.155187 186.999783 -85.412976 -44.281599 -146.888928 -373.851142 121.932279 154.320166 -93.036151 261.336176 15.754345 29.402613 120.346593 -7.450357 12.884541 41.143809 -6.948773 -14.735155 -161.611261 100.974718 -34.463041 -132.461465 -77.586539 105.561172 4.351436 154.127106 -190.793351 -109.113977 -127.558969 18.128838 51.189578 12.847502 -34.687076 -5.217442 -207.558758 207.462229 -180.991438 99.233674 -54.718158 19.289370 170.384642 94.689087 114.317202 107.377533 -110.027376 -31.800198 73.151169 25.914205 118.571945 -152.796819 -89.117092 23.682394 112.669544 -127.091004 -15.537522 -70.611851 -2.257440 -64.420879 -117.051229 99.900207 -44.519366 -154.265902 -87.296550 26.429653 51.951819 117.307533 -13.467275 19.661981 -9.271639 -70.236288 -64.201469 46.862211 167.982896 -101.812251 -103.497152 -48.046702 -45.436772 5.355961 -71.646156 -28.421393 -67.949174 -96.209154 -178.181682 36.150665 -14.192805 111.804952 -28.839301 -51.109335 17.010710 58.535875 126.480885 69.859809 131.686448 -108.025609 -83.263486 181.984231 -13.269202 53.987484 95.765659 51.076291 95.929961 174.337055 -54.692442 -54.148763 22.977318 15.695361 62.013835 -10.058463 35.486829 -115.342195 14.462408 -37.091691 172.003001 -18.246617 -35.832526 -72.748771 -72.988405 -91.544888 -20.411945 -38.583381 -49.053211 122.184371 -84.864914 -37.195537 26.197844 143.320539 -54.822413 81.774172 5.114951 -41.795271 -18.951816 140.649758 -26.986112 34.144830 6.046815 12.723892 -21.819815 69.419280 5.445253 20.261763 -4.127612 85.280709 -56.509878 32.504098 37.325860 -6.041306 15.405701 -29.330005 -142.245427 -4.337624 -59.603623 18.959256 3.353894 135.582859 112.648901 -54.445479 -5.697671 115.894723 71.334177 19.623012 -32.236426 135.758121 -69.391101 -72.681923 6.887772 -43.679916 -15.382944 -4.219285 4.812991 43.715635 -106.508890 -12.859290 -114.333606 -86.930029 -33.646832 57.517718 57.565285 -32.502503 -54.683961 -56.977699 28.618032 -26.895358 52.483750 33.756682 -55.075060 90.989933 -132.046983 57.815573 -190.421075 11.244401 97.813190 17.286770 -6.333783 -12.047234 118.147642 -7.748030 84.266947 16.193692 21.033332 5.786960 39.455623 -17.959620 -105.457681 -49.037586 -128.698315 -92.438910 -1.258401 11.844227 -1.130103 -61.180603 -6.306228 -68.506139 -67.779430 -62.125200 -29.542802 52.968789 39.410323 73.782647 9.086514 -17.677298 -40.508017 43.595103 -61.367146 50.605915 19.515007 -16.639157 41.144104 181.865555 -63.474213 -0.874530 -15.334720 36.145842 103.567831 -83.068170 -11.761515 32.488325 -17.317973 26.820160 -61.096710 26.931988 -26.093093 59.828283 -33.302984 -16.486503 13.278270 22.991867 -54.345311 32.267396 -30.169591 -111.655767 4.809331 4.226197 0.595285 -14.082898 14.192040 119.420571 -25.396854 -7.259812 102.832418 20.879343 30.882448 -32.158405 36.757312 51.630013 97.460057 -13.752178 -74.006255 -6.301878 10.361384 -64.016082 40.566045 70.108108 -111.389473 -46.926453 26.497572 108.882982 -21.769942 130.539101 106.810534 -110.955480 -24.758483 77.401769 -3.474397 -50.386672 -8.334771 -43.318401 -0.337254 -41.391078 -26.479564 18.397579 -59.759393 -22.950135 -17.174605 -52.432353 -9.723035 -32.046527 63.597379 -72.791000 -84.211361 85.336486 63.852749 13.337708 -12.208403 7.214640 -4.392227 -79.030906 -1.699037 -26.397130 -68.124945 23.117735 -63.668917 60.515338 136.670714 38.797397 52.895568 71.965499 -56.992694 77.021211 46.007411 -80.033906 0.897424 107.801604 2.678822 -21.470771 -71.646973 -10.849617 -57.078533 63.666433 -37.614570 44.078742 -62.253609 -46.611396 52.005528 -34.402687 -50.835875 -84.293888 -60.776572 -27.283796 20.184622 -2.371208 85.048889 37.445006 -36.182671 5.165984 -94.508916 64.792802 18.071241 118.326535 -9.441174 -61.231775 25.954878 10.118874 -33.739567 -49.620535 -86.523711 -133.449036 -37.396436 -49.365712 -69.356825 -21.369644 -54.404048 -53.459955 15.462779 24.364223 52.244508 52.103741 41.941970 7.759352 103.555963 27.331903 45.087271 -128.177849 88.536647 21.467225 60.905104 -73.441287 -71.807469 -9.193558 46.400467 -35.025264 79.529299 -17.935740 -54.420315 62.075662 -94.447737 5.009575 -3.552349 41.866593 -26.733545 43.647320 6.009223 15.352345 -3.323391 -23.017831 18.269069 84.537376 35.787169 58.018486 60.231409 -45.574009 -36.397726 -5.239622 -5.099696 38.022117 -40.874103 -110.788325 1.279518 60.329432 14.361603 19.375953 -26.627440 1.351504 76.312813 9.256534 33.182714 -13.908594 53.982653 -19.143507 15.712974 -8.447851 -66.625965 14.178685 61.966136 -11.263568 -10.510390 -18.774296 29.944715 -126.353238 37.331825 -47.000062 -81.348864 7.285451 -25.097087 -52.496441 111.087406 13.654497 -14.795150 -76.261508 64.255450 28.755749 76.239416 13.706468 -29.843063 13.590832 39.008184 -2.590990 -24.206665 23.161162 20.512518 -0.152577 116.165890 -48.532063 34.753572 -13.977187 -21.724329 -116.487836 -10.267710 -51.063931 70.123513 -17.705368 41.449421 40.587901 74.710073 -34.184053 44.905518 -65.021196 -82.964202 47.076502 9.100930 34.054536 
 fitted_sfs: 918553.614245 425286.573148 264720.773113 186851.372525 141740.648132 112786.722821 92906.032039 78579.833367 67870.373153 59627.852885 53130.338810 47904.007927 43626.581642 40072.319625 37079.151585 34528.241304 32330.847551 30419.630187 28742.753722 27259.802467 25938.894639 24754.610360 23686.481590 22717.874591 21835.156515 21027.064093 20284.220252 19598.762885 18964.055305 18374.459166 17825.155187 17312.000217 16831.412976 16380.281599 15955.888928 15555.851142 15178.067721 14820.679834 14482.036151 14160.663824 13855.245655 13564.597387 13287.653407 13023.450357 12771.115459 12529.856191 12298.948773 12077.735155 11865.611261 11662.025282 11466.463041 11278.461465 11097.586539 10923.438828 10755.648564 10593.872894 10437.793351 10287.113977 10141.558969 10000.871162 9864.810422 9733.152498 9605.687076 9482.217442 9362.558758 9246.537771 9133.991438 9024.766326 8918.718158 8815.710630 8715.615358 8618.310913 8523.682798 8431.622467 8342.027376 8254.800198 8169.848831 8087.085795 8006.428055 7927.796819 7851.117092 7776.317606 7703.330456 7632.091004 7562.537522 7494.611851 7428.257440 7363.420879 7300.051229 7238.099793 7177.519366 7118.265902 7060.296550 7003.570347 6948.048181 6893.692467 6840.467275 6788.338019 6737.271639 6687.236288 6638.201469 6590.137789 6543.017104 6496.812251 6451.497152 6407.046702 6363.436772 6320.644039 6278.646156 6237.421393 6196.949174 6157.209154 6118.181682 6079.849335 6042.192805 6005.195048 5968.839301 5933.109335 5897.989290 5863.464125 5829.519115 5796.140191 5763.313552 5731.025609 5699.263486 5668.015769 5637.269202 5607.012516 5577.234341 5547.923709 5519.070039 5490.662945 5462.692442 5435.148763 5408.022682 5381.304639 5354.986165 5329.058463 5303.513171 5278.342195 5253.537592 5229.091691 5204.996999 5181.246617 5157.832526 5134.748771 5111.988405 5089.544888 5067.411945 5045.583381 5024.053211 5002.815629 4981.864914 4961.195537 4940.802156 4920.679461 4900.822413 4881.225828 4861.885049 4842.795271 4823.951816 4805.350242 4786.986112 4768.855170 4750.953185 4733.276108 4715.819815 4698.580720 4681.554747 4664.738237 4648.127612 4631.719291 4615.509878 4599.495902 4583.674140 4568.041306 4552.594299 4537.330005 4522.245427 4507.337624 4492.603623 4478.040744 4463.646106 4449.417141 4435.351099 4421.445479 4407.697671 4394.105277 4380.665823 4367.376988 4354.236426 4341.241879 4328.391101 4315.681923 4303.112228 4290.679916 4278.382944 4266.219285 4254.187009 4242.284365 4230.508890 4218.859290 4207.333606 4195.930029 4184.646832 4173.482282 4162.434715 4151.502503 4140.683961 4129.977699 4119.381968 4108.895358 4098.516250 4088.243318 4078.075060 4068.010067 4058.046983 4048.184427 4038.421075 4028.755599 4019.186810 4009.713230 4000.333783 3991.047234 3981.852358 3972.748030 3963.733053 3954.806308 3945.966668 3937.213040 3928.544377 3919.959620 3911.457681 3903.037586 3894.698315 3886.438910 3878.258401 3870.155773 3862.130103 3854.180603 3846.306228 3838.506139 3830.779430 3823.125200 3815.542802 3808.031211 3800.589677 3793.217353 3785.913486 3778.677298 3771.508017 3764.404897 3757.367146 3750.394085 3743.484993 3736.639157 3729.855896 3723.134445 3716.474213 3709.874530 3703.334720 3696.854158 3690.432169 3684.068170 3677.761515 3671.511675 3665.317973 3659.179840 3653.096710 3647.068012 3641.093093 3635.171717 3629.302984 3623.486503 3617.721730 3612.008133 3606.345311 3600.732604 3595.169591 3589.655767 3584.190669 3578.773803 3573.404715 3568.082898 3562.807960 3557.579429 3552.396854 3547.259812 3542.167582 3537.120657 3532.117552 3527.158405 3522.242688 3517.369987 3512.539943 3507.752178 3503.006255 3498.301878 3493.638616 3489.016082 3484.433955 3479.891892 3475.389473 3470.926453 3466.502428 3462.117018 3457.769942 3453.460899 3449.189466 3444.955480 3440.758483 3436.598231 3432.474397 3428.386672 3424.334771 3420.318401 3416.337254 3412.391078 3408.479564 3404.602421 3400.759393 3396.950135 3393.174605 3389.432353 3385.723035 3382.046527 3378.402621 3374.791000 3371.211361 3367.663514 3364.147251 3360.662292 3357.208403 3353.785360 3350.392227 3347.030906 3343.699037 3340.397130 3337.124945 3333.882265 3330.668917 3327.484662 3324.329286 3321.202603 3318.104432 3315.034501 3311.992694 3308.978789 3305.992589 3303.033906 3300.102576 3297.198396 3294.321178 3291.470771 3288.646973 3285.849617 3283.078533 3280.333567 3277.614570 3274.921258 3272.253609 3269.611396 3266.994472 3264.402687 3261.835875 3259.293888 3256.776572 3254.283796 3251.815378 3249.371208 3246.951111 3244.554994 3242.182671 3239.834016 3237.508916 3235.207198 3232.928759 3230.673465 3228.441174 3226.231775 3224.045122 3221.881126 3219.739567 3217.620535 3215.523711 3213.449036 3211.396436 3209.365712 3207.356825 3205.369644 3203.404048 3201.459955 3199.537221 3197.635777 3195.755492 3193.896259 3192.058030 3190.240648 3188.444037 3186.668097 3184.912729 3183.177849 3181.463353 3179.532775 3178.094896 3176.441287 3174.807469 3173.193558 3171.599533 3170.025264 3168.470701 3166.935740 3165.420315 3163.924338 3162.447737 3160.990425 3159.552349 3158.133407 3156.733545 3155.352680 3153.990777 3152.647655 3151.323391 3150.017831 3148.730931 3147.462624 3146.212831 3144.981514 3143.768591 3142.574009 3141.397726 3140.239622 3139.099696 3137.977883 3136.874103 3135.788325 3134.720482 3133.670568 3132.638397 3131.624047 3130.627440 3129.648496 3128.687187 3127.743466 3126.817286 3125.908594 3125.017347 3124.143507 3123.287026 3122.447851 3121.625965 3120.821315 3120.033864 3119.263568 3118.510390 3117.774296 3117.055285 3116.353238 3115.668175 3115.000062 3114.348864 3113.714549 3113.097087 3112.496441 3111.912594 3111.345503 3110.795150 3110.261508 3109.744550 3109.244251 3108.760584 3108.293532 3107.843063 3107.409168 3106.991816 3106.590990 3106.206665 3105.838838 3105.487482 3105.152577 3104.834110 3104.532063 3104.246428 3103.977187 3103.724329 3103.487836 3103.267710 3103.063931 3102.876487 3102.705368 3102.550579 3102.412099 3102.289927 3102.184053 3102.094482 3102.021196 3101.964202 3101.923498 3101.899070 1550.945464 
