0.0001
0.000133
0.000178
0.000237
0.000316
0.000421
0.000562
0.000749
0.000999
0.001332
0.001776
0.002368
0.003157
0.004209
0.005612
0.007483
0.009977
0.013303
0.017738
0.02365
0.031534
0.042045
0.05606
0.074747
0.099662
0.132883
0.177177
0.236236
0.314981
0.419975
0.559967
0.746622
0.995496
1.327328
2.0
>
-2102108.275499 15229.063727 4204216.550998
 513045.490315  
>
-2101799.484299 1110.119548 4203602.968598
18.0 890580.200118 499631.781806  
>
-2101797.687222 552.858406 4203603.374444
27.0 28.0 595956.343110 150990.472243 507815.203724  
>
-2101797.530147 444.264694 4203607.060294
20.0 22.0 26.0 33571.945602 2307653.365705 270255.477471 503259.472402  
