0.000100
0.000133
0.000178
0.000237
0.000316
0.000421
0.000562
0.000749
0.000999
0.001332
0.001776
0.002368
0.003157
0.004209
0.005612
0.007483
0.009977
0.013303
0.017738
0.023650
0.031534
0.042045
0.056060
0.074747
0.099662
0.132883
0.177177
0.236236
0.314981
0.419975
0.559967
0.746622
0.995496
1.327328
2.000000
 >
 log_likelihood: -2102108.275499 
 distance: 15229.063727 
 breakpoints: 
 thetas: 513045.490315 
 se_thetas: 5298.148852 
 residues: 9626.455205 -7582.431447 -7178.376341 -4845.954298 -2598.098063 
 fitted_sfs: 570050.544795 320653.431447 244307.376341 213768.954298 102609.098063 
 >
 log_likelihood: -2101799.484299 
 distance: 1110.119548 
 breakpoints: 18 
 thetas: 890580.200118 499631.781806 
 se_thetas: 15937.485872 720.602711 
 residues: -2.156322 102.596981 -814.668151 742.287101 84.618617 
 fitted_sfs: 579679.156322 312968.403019 237943.668151 208180.712899 99926.381383 
 >
 log_likelihood: -2101797.687222 
 distance: 552.858406 
 breakpoints: 27 28 
 thetas: 595956.343110 150990.472243 507815.203724 
 se_thetas: 4331.879566 35486.795447 1531.094152 
 residues: -8.493515 89.865595 -266.487482 348.152287 -324.467052 
 fitted_sfs: 579685.493515 312981.134405 237395.487482 208574.847713 100335.467052 
 >
 log_likelihood: -2101797.530147 
 distance: 444.264694 
 breakpoints: 20 22 26 
 thetas: 33571.945602 2307653.365705 270255.477471 503259.472402 
 se_thetas: 344797.762263 856494.528284 102386.589551 1761.085048 
 residues: -0.148515 5.944942 -62.354459 239.738595 -368.745280 
 fitted_sfs: 579677.148515 313065.055058 237191.354459 208683.261405 100379.745280 
