0.0001
0.000133
0.000178
0.000237
0.000316
0.000421
0.000562
0.000749
0.000999
0.001332
0.001776
0.002368
0.003157
0.004209
0.005612
0.007483
0.009977
0.013303
0.017738
0.02365
0.031534
0.042045
0.05606
0.074747
0.099662
0.132883
0.177177
0.236236
0.314981
0.419975
0.559967
0.746622
0.995496
1.327328
2.0
>
-4860377.201252 86079.502152 9720754.402504
 1221095.838433  
>
-4854560.376148 22488.12834 9709124.752296
34.0 1358040.384335 641764.909484  
>
-4854119.234536 309.976656 9708246.469072
24.0 31.0 1006434.135461 1641483.837485 887006.695006  
>
-4854119.158457 197.403036 9708250.316914
17.0 31.0 32.0 144386.258693 1385056.864697 5075160.538774 188990.355302  
