0.000100
0.000133
0.000178
0.000237
0.000316
0.000421
0.000562
0.000749
0.000999
0.001332
0.001776
0.002368
0.003157
0.004209
0.005612
0.007483
0.009977
0.013303
0.017738
0.023650
0.031534
0.042045
0.056060
0.074747
0.099662
0.132883
0.177177
0.236236
0.314981
0.419975
0.559967
0.746622
0.995496
1.327328
2.000000
 >
 log_likelihood: -4860377.201252 
 distance: 86079.502152 
 breakpoints: 
 thetas: 1221095.838433 
 se_thetas: 29946.819034 
 residues: 42847.846185 172.100979 -37857.208778 -56281.932680 -31191.167687 
 fitted_sfs: 1356773.153815 763184.899021 581474.208778 508789.932680 244219.167687 
 >
 log_likelihood: -4854560.376148 
 distance: 22488.128340 
 breakpoints: 34 
 thetas: 1358040.384335 641764.909484 
 se_thetas: 23227.498192 90974.974677 
 residues: -5592.369530 18231.020622 529.556627 -9774.190252 -6801.172589 
 fitted_sfs: 1405213.369530 745125.979378 543087.443373 462282.190252 219829.172589 
 >
 log_likelihood: -4854119.234536 
 distance: 309.976656 
 breakpoints: 24 31 
 thetas: 1006434.135461 1641483.837485 887006.695006 
 se_thetas: 3333.335275 2546.596652 1334.674310 
 residues: -3.042244 40.495956 -134.515802 195.040301 -195.706748 
 fitted_sfs: 1399624.042244 763316.504044 543751.515802 452312.959699 213223.706748 
 >
 log_likelihood: -4854119.158457 
 distance: 197.403036 
 breakpoints: 17 31 32 
 thetas: 144386.258693 1385056.864697 5075160.538774 188990.355302 
 se_thetas: 78194.528893 13545.735519 369767.582678 65641.543774 
 residues: -0.104308 5.809250 -40.983264 113.379998 -156.203548 
 fitted_sfs: 1399621.104308 763351.190750 543657.983264 452394.620002 213184.203548 
