0.0001
0.000133
0.000178
0.000237
0.000316
0.000421
0.000562
0.000749
0.000999
0.001332
0.001776
0.002368
0.003157
0.004209
0.005612
0.007483
0.009977
0.013303
0.017738
0.02365
0.031534
0.042045
0.05606
0.074747
0.099662
0.132883
0.177177
0.236236
0.314981
0.419975
0.559967
0.746622
0.995496
1.327328
2.0
>
-2082574.445413 2141.370155 4165148.890826
 501686.824322  
>
-2082569.761223 990.875102 4165143.522446
1.0 6489672.182599 500076.377215  
>
-2082568.939019 624.550606 4165145.878038
1.0 19.0 62988087.972003 143405.795398 500925.466367  
>
-2082567.796937 0.021076 4165147.593874
15.0 25.0 32.0 1578675.303746 373871.605659 537779.018704 478276.556026  
