0.000100
0.000133
0.000178
0.000237
0.000316
0.000421
0.000562
0.000749
0.000999
0.001332
0.001776
0.002368
0.003157
0.004209
0.005612
0.007483
0.009977
0.013303
0.017738
0.023650
0.031534
0.042045
0.056060
0.074747
0.099662
0.132883
0.177177
0.236236
0.314981
0.419975
0.559967
0.746622
0.995496
1.327328
2.000000
 >
 log_likelihood: -2082574.445413 
 distance: 2141.370155 
 breakpoints: 
 thetas: 501686.824322 
 se_thetas: 744.976713 
 residues: 1204.195197 -1584.265202 20.512227 -627.176801 -481.364864 
 fitted_sfs: 557429.804803 313554.265202 238898.487773 209036.176801 100337.364864 
 >
 log_likelihood: -2082569.761223 
 distance: 990.875102 
 breakpoints: 1 
 thetas: 6489672.182599 500076.377215 
 se_thetas: 1804549.430369 627.684102 
 residues: 0.130045 -578.409028 787.391623 43.842827 -159.275443 
 fitted_sfs: 558633.869955 312548.409028 238131.608377 208365.157173 100015.275443 
 >
 log_likelihood: -2082568.939019 
 distance: 624.550606 
 breakpoints: 1 19 
 thetas: 62988087.972003 143405.795398 500925.466367 
 se_thetas: 32464791.368431 204759.788368 687.307905 
 residues: 0.004206 -18.814634 432.150362 -307.753875 -329.003162 
 fitted_sfs: 558633.995794 311988.814634 238486.849638 208716.753875 100185.003162 
 >
 log_likelihood: -2082567.796937 
 distance: 0.021076 
 breakpoints: 15 25 32 
 thetas: 1578675.303746 373871.605659 537779.018704 478276.556026 
 se_thetas: 22.621480 3.081079 1.052371 0.654117 
 residues: -0.000005 0.000416 -0.003777 0.011865 -0.016999 
 fitted_sfs: 558634.000005 311969.999584 238919.003777 208408.988135 99856.016999 
