0.0001
0.000133
0.000178
0.000237
0.000316
0.000421
0.000562
0.000749
0.000999
0.001332
0.001776
0.002368
0.003157
0.004209
0.005612
0.007483
0.009977
0.013303
0.017738
0.02365
0.031534
0.042045
0.05606
0.074747
0.099662
0.132883
0.177177
0.236236
0.314981
0.419975
0.559967
0.746622
0.995496
1.327328
2.0
>
-43752808.437801 71640.798179 87505616.875602
 1035548.912013  
>
-43726038.881735 26065.832197 87452081.76347
19.0 982317.615771 1228247.611349  
>
-43702420.680517 2967.369737 87404849.361034
25.0 29.0 999363.110143 1985135.204987 985810.345693  
>
-43702404.211336 2901.229305 87404820.422672
25.0 29.0 30.0 999157.725132 2016658.703419 702663.349648 1010461.782554  
