0.000100
0.000133
0.000178
0.000237
0.000316
0.000421
0.000562
0.000749
0.000999
0.001332
0.001776
0.002368
0.003157
0.004209
0.005612
0.007483
0.009977
0.013303
0.017738
0.023650
0.031534
0.042045
0.056060
0.074747
0.099662
0.132883
0.177177
0.236236
0.314981
0.419975
0.559967
0.746622
0.995496
1.327328
2.000000
 >
 log_likelihood: -43752808.437801 
 distance: 71640.798179 
 breakpoints: 
 thetas: 1035548.912013 
 se_thetas: 2490.005091 
 residues: -23934.497504 -4478.080172 1792.364429 3802.064247 4975.464927 6425.714949 7421.592293 7458.485881 8204.056287 7795.099792 7915.123177 8490.130896 8452.203050 8907.968121 8908.087107 8235.805905 8777.900509 8386.974412 8440.820271 8746.871852 8540.385197 8831.751633 8262.206981 8022.115317 8032.942097 8553.003785 8097.051980 8028.730750 7769.940100 7789.126755 7876.518453 8165.314553 7630.841690 7736.682262 7591.780562 7200.531605 7436.855203 7434.258657 7490.889463 7485.580622 6935.887801 7127.124783 7295.388878 6655.587284 6621.457527 6999.585575 6510.424378 6577.302882 6526.443460 6621.968396 6274.919244 6125.246658 6187.836602 6030.507681 6280.018964 6167.075299 5714.332155 5862.399581 5969.846454 6194.203692 5657.967419 5631.601493 5664.540761 5368.192521 5550.939327 5556.140217 5532.132989 5297.235597 5185.747325 5024.950667 5188.111977 4855.483013 4896.301467 4911.792443 5005.168826 4889.632494 4884.374669 4793.576875 4552.411436 4572.041964 4701.624094 4619.305802 4716.228005 4166.524876 4364.324413 4288.747937 4248.912296 4129.928437 4045.902244 4080.934922 4166.123896 3893.561210 3729.335673 4007.532247 4002.232185 3885.513463 3721.450729 3792.115713 3687.577111 3428.900986 3633.150691 3417.387190 3370.668967 3487.052360 3588.591511 3272.338528 3349.343533 3285.654879 3334.319024 3089.380935 3131.883577 3106.868898 3242.377391 3009.446534 3052.115080 2765.418789 3094.392512 2970.069954 2940.483867 3157.665613 2722.645703 2691.453468 2908.117480 2560.665633 2792.124636 2448.519264 2619.875785 2464.218024 2650.569526 2608.953063 2453.390654 2557.903782 2368.513191 2443.239089 2477.100822 2398.117797 2184.308011 2121.689533 2430.279724 2418.095418 2273.153053 2097.468552 2201.057432 2245.934380 2172.115031 2249.612683 2053.441468 2197.614907 2107.146067 2197.047753 2011.332389 1937.012042 1879.098539 1905.603350 1979.537606 1857.912257 1726.737837 1986.024894 1753.783301 1729.022953 1576.753496 1606.984211 1541.724257 1704.982496 1589.767656 1607.088170 1580.952447 1599.368243 1437.343720 1512.886519 1571.004107 1359.703864 1404.992894 1590.878298 1361.366836 1287.465259 1415.180048 1427.517624 1358.484216 1660.085923 1452.328814 1271.218584 1200.761074 1168.961739 1443.826161 1155.359603 1227.567387 1117.454559 1139.026186 1128.287126 1182.242213 1306.896136 1234.253523 972.318878 1178.096599 1080.591026 1297.806394 1075.746879 1244.416511 958.819100 924.959147 1107.839909 1094.465290 1060.839002 1043.964637 973.845758 943.485821 1085.888213 930.056346 917.993293 978.702470 1046.186911 767.449836 878.494132 995.322840 830.938880 913.345084 762.544290 785.539245 970.332679 803.927152 776.325499 859.530113 802.543535 891.368264 887.006683 726.461217 750.734201 727.827947 815.744719 644.486709 777.056104 708.455104 764.685768 853.750188 636.650371 597.388322 694.966075 660.385550 613.648514 697.756981 691.712737 538.517624 653.173461 673.681790 532.044533 717.263308 612.339824 508.275675 634.072472 461.731803 608.255219 565.644305 471.900515 615.025338 376.020240 641.886644 440.626046 513.239756 471.729149 526.095598 596.340413 571.464946 428.470442 394.358201 565.129394 352.785335 451.327216 396.756218 375.073518 448.280365 401.377575 478.366636 456.248505 441.024287 318.695066 503.261787 339.725647 277.087595 225.348659 268.509810 318.572051 313.536334 413.403656 382.174891 374.850988 235.432870 387.921420 376.317827 256.622013 380.835946 185.959906 304.994855 419.941630 321.801010 407.573785 336.260799 334.862747 340.380457 352.814707 343.166202 127.435661 265.623882 215.731474 240.759208 187.707822 341.577951 212.370241 279.085463 166.724115 100.286994 258.774671 216.187800 85.527010 215.792904 113.986084 225.107170 190.156716 140.135332 181.043603 157.882079 271.651395 203.351868 111.984235 240.549121 205.046917 208.478099 82.843252 117.142943 1.377619 64.547742 89.653846 186.696412 224.675910 153.593544 130.447575 199.240674 23.972537 -38.356363 138.254415 147.805269 175.296657 48.729014 232.102738 166.418222 219.675951 193.876246 151.019531 97.106206 -43.863341 128.111247 108.030370 104.894405 105.703692 100.458620 38.159539 71.806801 86.400737 83.941674 99.430074 45.866125 136.250228 130.582696 85.863845 9.094005 194.273483 37.402594 91.481626 94.510916 97.490727 33.421384 162.303130 138.136298 99.921159 -9.342032 -55.652958 12.988621 80.582978 83.130390 -30.368897 69.085396 -8.506514 91.855725 37.172144 11.443194 30.669055 52.849923 80.986119 23.077799 93.125211 -4.871407 -90.911861 117.004109 33.876678 -108.293910 -47.507439 65.236241 53.937396 96.596203 1.212865 37.787581 -23.679464 10.811931 30.506633 -75.328950 147.038592 -101.634447 -53.348098 69.897744 13.103302 -65.731288 -65.605837 119.479806 -114.474188 -3.467664 -73.500456 104.427571 -23.683403 36.166752 23.978194 1.751034 -114.514470 -89.818327 -145.160310 19.459694 -25.958177 -71.413777 -61.907001 -51.437702 -54.005761 -43.611074 -90.253457 56.067151 -81.649124 10.597858 -42.191815 59.981981 -64.880692 40.220411 -40.714739 -7.686009 -24.693266 80.263568 3.184590 -69.930103 37.919589 9.733758 81.512486 88.255868 -59.036000 -59.363057 47.274792 -83.122374 -29.554471 54.978578 46.476846 37.940369 96.369307 -72.236326 -106.876461 -180.551029 -78.259966 2.996793 -69.780685 -60.592352 -4.438136 -51.317991 -65.231860 -34.179690 -44.161430 58.822973 -1.226440 -122.309613 -117.426515 57.422907 -60.761308 -25.979115 78.769507 -53.515395 -28.833784 -15.185630 -120.570898 -44.989566 104.558398 -42.926981 -5.445672 11.002335 -38.582930 -22.201444 -35.853187 -113.538156 62.743676 25.992321 -168.792208 15.390088 19.539237 -89.344771 -81.261926 -11.212215 -42.097823 
 fitted_sfs: 1036585.497504 518812.080172 346221.635571 259926.935753 208150.535073 173633.285051 148978.407707 130487.514119 116105.943713 104600.900208 95187.876823 87343.869104 80706.796950 75018.031879 70087.912893 65774.194095 61968.099491 58585.025588 55558.179729 52834.128148 50369.614803 48129.248367 46083.793019 44208.884683 42484.057903 40891.996215 39417.948020 38049.269250 36775.059900 35585.873245 34473.481547 33430.685447 32451.158310 31529.317738 30660.219438 29839.468395 29063.144797 28327.741343 27630.110537 26967.419378 26337.112199 25736.875217 25164.611122 24618.412716 24096.542473 23597.414425 23119.575622 22661.697118 22222.556540 21801.031604 21396.080756 21006.753342 20632.163398 20271.492319 19923.981036 19588.924701 19265.667845 18953.600419 18652.153546 18360.796308 18079.032581 17806.398507 17542.459239 17286.807479 17039.060673 16798.859783 16565.867011 16339.764403 16120.252675 15907.049333 15699.888023 15498.516987 15302.698533 15112.207557 14926.831174 14746.367506 14570.625331 14399.423125 14232.588564 14069.958036 13911.375906 13756.694198 13605.771995 13458.475124 13314.675587 13174.252063 13037.087704 12903.071563 12772.097756 12644.065078 12518.876104 12396.438790 12276.664327 12159.467753 12044.767815 11932.486537 11822.549271 11714.884287 11609.422889 11506.099014 11404.849309 11305.612810 11208.331033 11112.947640 11019.408489 10927.661472 10837.656467 10749.345121 10662.680976 10577.619065 10494.116423 10412.131102 10331.622609 10252.553466 10174.884920 10098.581211 10023.607488 9949.930046 9877.516133 9806.334387 9736.354297 9667.546532 9599.882520 9533.334367 9467.875364 9403.480736 9340.124215 9277.781976 9216.430474 9156.046937 9096.609346 9038.096218 8980.486809 8923.760911 8867.899178 8812.882203 8758.691989 8705.310467 8652.720276 8600.904582 8549.846947 8499.531448 8449.942568 8401.065620 8352.884969 8305.387317 8258.558532 8212.385093 8166.853933 8121.952247 8077.667611 8033.987958 7990.901461 7948.396650 7906.462394 7865.087743 7824.262163 7783.975106 7744.216699 7704.977047 7666.246504 7628.015789 7590.275743 7553.017504 7516.232344 7479.911830 7444.047553 7408.631757 7373.656280 7339.113481 7304.995893 7271.296136 7238.007106 7205.121702 7172.633164 7140.534741 7108.819952 7077.482376 7046.515784 7015.914077 6985.671186 6955.781416 6926.238926 6897.038261 6868.173839 6839.640397 6811.432613 6783.545441 6755.973814 6728.712874 6701.757787 6675.103864 6648.746477 6622.681122 6596.903401 6571.408974 6546.193606 6521.253121 6496.583489 6472.180900 6448.040853 6424.160091 6400.534710 6377.160998 6354.035363 6331.154242 6308.514179 6286.111787 6263.943654 6242.006707 6220.297530 6198.813089 6177.550164 6156.505868 6135.677160 6115.061120 6094.654916 6074.455710 6054.460755 6034.667321 6015.072848 5995.674501 5976.469887 5957.456465 5938.631736 5919.993317 5901.538783 5883.265799 5865.172053 5847.255281 5829.513291 5811.943896 5794.544896 5777.314232 5760.249812 5743.349629 5726.611678 5710.033925 5693.614450 5677.351486 5661.243019 5645.287263 5629.482376 5613.826539 5598.318210 5582.955467 5567.736692 5552.660176 5537.724325 5522.927528 5508.268197 5493.744781 5479.355695 5465.099485 5450.974662 5436.979760 5423.113356 5409.373954 5395.760244 5382.270851 5368.904402 5355.659587 5342.535054 5329.529558 5316.641799 5303.870606 5291.214665 5278.672784 5266.243782 5253.926482 5241.719635 5229.622425 5217.633364 5205.751495 5193.975713 5182.304934 5170.738213 5159.274353 5147.912405 5136.651341 5125.490190 5114.427949 5103.463666 5092.596344 5081.825109 5071.149012 5060.567130 5050.078580 5039.682173 5029.377987 5019.164054 5009.040094 4999.005145 4989.058370 4979.198990 4969.426215 4959.739201 4950.137253 4940.619543 4931.185293 4921.833798 4912.564339 4903.376118 4894.268526 4885.240792 4876.292178 4867.422049 4858.629759 4849.914537 4841.275885 4832.713006 4824.225329 4815.812200 4807.472990 4799.207096 4791.013916 4782.892830 4774.843284 4766.864668 4758.956397 4751.117921 4743.348605 4735.648132 4728.015765 4720.450879 4712.953083 4705.521901 4698.156748 4690.857057 4683.622381 4676.452258 4669.346154 4662.303588 4655.324090 4648.406456 4641.552425 4634.759326 4628.027463 4621.356363 4614.745585 4608.194731 4601.703343 4595.270986 4588.897262 4582.581778 4576.324049 4570.123754 4563.980469 4557.893794 4551.863341 4545.888753 4539.969630 4534.105595 4528.296308 4522.541380 4516.840461 4511.193199 4505.599263 4500.058326 4494.569926 4489.133875 4483.749772 4478.417304 4473.136155 4467.905995 4462.726517 4457.597406 4452.518374 4447.489084 4442.509273 4437.578616 4432.696870 4427.863702 4423.078841 4418.342032 4413.652958 4409.011379 4404.417022 4399.869610 4395.368897 4390.914604 4386.506514 4382.144275 4377.827856 4373.556806 4369.330945 4365.150077 4361.013881 4356.922201 4352.874789 4348.871407 4344.911861 4340.995891 4337.123322 4333.293910 4329.507439 4325.763759 4322.062604 4318.403797 4314.787135 4311.212419 4307.679464 4304.188069 4300.493367 4297.328950 4293.961408 4290.634447 4287.348098 4284.102256 4280.896698 4277.731288 4274.605837 4271.520194 4268.474188 4265.467664 4262.500456 4259.572429 4256.683403 4253.833248 4251.021806 4248.248966 4245.514470 4242.818327 4240.160310 4237.540306 4234.958177 4232.413777 4229.907001 4227.437702 4225.005761 4222.611074 4220.253457 4217.932849 4215.649124 4213.402142 4211.191815 4209.018019 4206.880692 4204.779589 4202.714739 4200.686009 4198.693266 4196.736432 4194.815410 4192.930103 4191.080411 4189.266242 4187.487514 4185.744132 4184.036000 4182.363057 4180.725208 4179.122374 4177.554471 4176.021422 4174.523154 4173.059631 4171.630693 4170.236326 4168.876461 4167.551029 4166.259966 4165.003207 4163.780685 4162.592352 4161.438136 4160.317991 4159.231860 4158.179690 4157.161430 4156.177027 4155.226440 4154.309613 4153.426515 4152.577093 4151.761308 4150.979115 4150.230493 4149.515395 4148.833784 4148.185630 4147.570898 4146.989566 4146.441602 4145.926981 4145.445672 4144.997665 4144.582930 4144.201444 4143.853187 4143.538156 4143.256324 4143.007679 4142.792208 4142.609912 4142.460763 4142.344771 4142.261926 4142.212215 2071.097823 
 >
 log_likelihood: -43726038.881735 
 distance: 26065.832197 
 breakpoints: 19 
 thetas: 982317.615771 1228247.611349 
 se_thetas: 1300.221612 3492.741664 
 residues: 4323.177508 -1594.751970 -3037.352595 -4381.093214 -4857.448597 -4235.257586 -3621.172132 -3705.495687 -2922.109801 -3193.829283 -2874.005109 -2060.315435 -1836.336260 -1106.003317 -825.882492 -1217.708730 -398.142458 -516.936129 -197.886750 365.399002 407.533232 938.550882 599.540212 580.868952 804.115123 1527.785214 1266.874806 1385.308383 1305.289635 1495.582365 1746.737401 2192.277711 1807.849998 2057.350240 2050.027705 1790.572313 2153.187747 2271.653546 2444.377520 2550.440969 2107.635983 2401.500977 2668.346542 2123.282074 2180.236655 2645.977617 2241.129403 2389.183297 2416.515052 2587.392044 2312.992567 2233.397056 2363.613742 2271.576860 2584.154759 2532.155575 2138.332415 2343.387654 2505.977477 2783.715391 2299.175665 2322.896134 2404.381662 2155.105877 2383.514158 2433.025104 2452.032968 2258.909247 2188.004041 2066.648060 2268.153451 1972.815462 2049.913130 2100.710849 2228.458885 2146.394672 2173.743288 2114.718490 1904.523308 1954.350630 2113.383994 2059.797997 2184.758956 1662.425295 1886.948165 1837.471047 1823.131913 1729.061937 1669.386362 1728.224913 1836.692715 1586.898822 1444.948304 1744.941710 1760.975250 1665.141239 1521.528091 1612.220744 1527.300586 1287.845865 1510.931649 1313.630158 1285.010709 1419.140055 1538.082364 1238.899393 1332.650558 1285.393164 1350.182296 1121.071231 1179.110964 1169.351164 1319.839767 1101.621521 1158.742063 886.243885 1229.168326 1118.555358 1102.443781 1332.870818 910.872640 892.484061 1121.738948 786.670309 1030.309816 698.687108 881.833045 737.775985 935.543844 905.163628 760.661470 876.062831 697.392320 782.673890 826.930537 758.185174 554.459247 501.774146 820.150463 817.608174 682.166766 515.845128 628.661657 682.633859 617.780046 704.116211 516.659052 669.424594 587.428346 685.685489 508.210758 442.018474 392.122654 426.536904 508.274437 394.348230 270.770794 537.554592 312.711384 295.252894 150.190548 187.535370 129.298216 299.489605 191.119878 215.199047 195.737054 220.743170 65.227014 147.197658 211.663970 6.634696 58.118276 250.123109 26.657234 -41.271357 92.345037 110.514022 47.242992 354.539183 152.409770 -23.138458 -88.098604 -114.464167 165.771448 -117.385497 -39.928711 -144.852191 -118.149940 -123.816183 -64.845195 64.768588 -2.969347 -260.053659 -49.479125 -142.240602 79.666935 -137.751568 35.508681 -245.547760 -274.915692 -87.591115 -96.569436 -125.846258 -138.417319 -204.278397 -230.425391 -83.854280 -235.561036 -243.541965 -178.793065 -107.310712 -382.091117 -267.130819 -146.426230 -306.973886 -220.770420 -367.812472 -341.096781 -152.620115 -315.379411 -339.371362 -252.593088 -306.041581 -213.713883 -214.607158 -371.718535 -344.045247 -363.584551 -272.333764 -440.290279 -304.451501 -369.814837 -310.377829 -218.138003 -432.092970 -468.240354 -367.577758 -399.102900 -442.813653 -355.707664 -358.782799 -509.036884 -391.467770 -368.073579 -506.852080 -318.801336 -420.919331 -522.204164 -393.653924 -563.266730 -414.040740 -453.974086 -545.065030 -399.311808 -635.712682 -367.265961 -565.969888 -490.822893 -529.823343 -472.969615 -400.260153 -422.693364 -563.267759 -594.981805 -421.834094 -631.823089 -530.947370 -583.205536 -602.596190 -527.117873 -571.769540 -492.549515 -512.456626 -525.489566 -645.647054 -458.927943 -620.330848 -680.854626 -730.498065 -685.260003 -633.139259 -636.134700 -534.245153 -563.469567 -568.806821 -706.255825 -551.815526 -561.484588 -679.262875 -553.148318 -746.140450 -625.238160 -508.440456 -604.746409 -517.155078 -586.665474 -586.276755 -578.987952 -564.798147 -572.706495 -786.712137 -646.814146 -695.011774 -668.304121 -719.690322 -564.169611 -691.741215 -623.404244 -734.158070 -799.001781 -638.934684 -679.956009 -809.065009 -677.260969 -777.543171 -664.910886 -698.363449 -746.900142 -704.520273 -726.223186 -611.008146 -677.874720 -767.822081 -637.849509 -671.956505 -667.142494 -791.406798 -755.748759 -870.167833 -805.663464 -779.235030 -680.881958 -641.603690 -711.398972 -733.269343 -663.212161 -837.227607 -898.315125 -720.474192 -709.704329 -681.004998 -806.375687 -621.815917 -686.325219 -631.903035 -656.548967 -698.262516 -751.043211 -890.890592 -717.804228 -736.783653 -738.828419 -736.938117 -741.112291 -802.350526 -767.652402 -752.017524 -753.445499 -736.935809 -789.488195 -698.102200 -702.777447 -746.513563 -822.310156 -636.166861 -792.083308 -737.059149 -733.093993 -729.187520 -792.339352 -662.549189 -685.816648 -723.141403 -831.523149 -876.961517 -807.456216 -739.006924 -735.613313 -848.275091 -747.991930 -824.763564 -723.589600 -777.469950 -802.404127 -782.391903 -759.433038 -730.527169 -787.674095 -716.873525 -814.125181 -899.428826 -690.784160 -773.190968 -914.648965 -853.157899 -739.717577 -750.327698 -706.988046 -801.698382 -764.458470 -825.268090 -790.127004 -769.802889 -874.991582 -651.997331 -900.051272 -851.153392 -727.303549 -783.501490 -861.747049 -861.040003 -675.380172 -908.767354 -797.201365 -866.682009 -688.209123 -815.782498 -755.401975 -767.067370 -788.778542 -904.535213 -879.337358 -934.184728 -769.077183 -814.014561 -858.996692 -849.023445 -838.094650 -840.210164 -829.369861 -875.573535 -728.821100 -866.112410 -773.447303 -825.825669 -723.247365 -847.712306 -742.220233 -822.771149 -789.364902 -806.001345 -700.680377 -777.401884 -850.165751 -741.971862 -769.820107 -697.710386 -690.642589 -837.616603 -837.632353 -730.689727 -860.788630 -806.928966 -722.110642 -730.333572 -738.597702 -679.902866 -848.249032 -882.636120 -956.064048 -853.532738 -772.042117 -844.592105 -835.182642 -778.813646 -825.485061 -839.196818 -807.948856 -817.741114 -714.573530 -774.446054 -895.358622 -890.311192 -715.303706 -833.336118 -798.408373 -693.520444 -825.672277 -800.863829 -787.095064 -892.365942 -816.676434 -667.026503 -814.416118 -776.845247 -760.313873 -809.821961 -793.369486 -806.956426 -884.582772 -708.248495 -744.953582 -939.698016 -755.481796 -751.304895 -860.167318 -852.069056 -782.010096 -427.495222 
 fitted_sfs: 1008327.822492 515928.751970 351051.352595 268110.093214 217983.448597 184294.257586 160021.172132 141651.495687 127232.109801 115589.829283 105977.005109 97894.315435 90995.336260 85032.003317 79821.882492 75227.708730 71144.142458 67488.936129 64196.886750 61215.600998 58502.466768 56022.449118 53746.459788 51650.131048 49712.884877 47917.214786 46248.125194 44692.691617 43239.710365 41879.417635 40603.262599 39403.722289 38274.150002 37208.649760 36201.972295 35249.427687 34346.812253 33490.346454 32676.622480 31902.559031 31165.364017 30462.499023 29791.653458 29150.717926 28537.763345 27951.022383 27388.870597 26849.816703 26332.484948 25835.607956 25358.007433 24898.602944 24456.386258 24030.423140 23619.845241 23223.844425 22841.667585 22472.612346 22116.022523 21771.284609 21437.824335 21115.103866 20802.618338 20499.894123 20206.485842 19921.974896 19645.967032 19378.090753 19117.995959 18865.351940 18619.846549 18381.184538 18149.086870 17923.289151 17703.541115 17489.605328 17281.256712 17078.281510 16880.476692 16687.649370 16499.616006 16316.202003 16137.241044 15962.574705 15792.051835 15625.528953 15462.868087 15303.938063 15148.613638 14996.775087 14848.307285 14703.101178 14561.051696 14422.058290 14286.024750 14152.858761 14022.471909 13894.779256 13769.699414 13647.154135 13527.068351 13409.369842 13293.989291 13180.859945 13069.917636 12961.100607 12854.349442 12749.606836 12646.817704 12545.928769 12446.889036 12349.648836 12254.160233 12160.378479 12068.257937 11977.756115 11888.831674 11801.444642 11715.556219 11631.129182 11548.127360 11466.515939 11386.261052 11307.329691 11229.690184 11153.312892 11078.166955 11004.224015 10931.456156 10859.836372 10789.338530 10719.937169 10651.607680 10584.326110 10518.069463 10452.814826 10388.540753 10325.225854 10262.849537 10201.391826 10140.833234 10081.154872 10022.338343 9964.366141 9907.219954 9850.883789 9795.340948 9740.575406 9686.571654 9633.314511 9580.789242 9528.981526 9477.877346 9427.463096 9377.725563 9328.651770 9280.229206 9232.445408 9185.288616 9138.747106 9092.809452 9047.464630 9002.701784 8958.510395 8914.880122 8871.800953 8829.262946 8787.256830 8745.772986 8704.802342 8664.336030 8624.365304 8584.881724 8545.876891 8507.342766 8469.271357 8431.654963 8394.485978 8357.757008 8321.460817 8285.590230 8250.138458 8215.098604 8180.464167 8146.228552 8112.385497 8078.928711 8045.852191 8013.149940 7980.816183 7948.845195 7917.231412 7885.969347 7855.053659 7824.479125 7794.240602 7764.333065 7734.751568 7705.491319 7676.547760 7647.915692 7619.591115 7591.569436 7563.846258 7536.417319 7509.278397 7482.425391 7455.854280 7429.561036 7403.541965 7377.793065 7352.310712 7327.091117 7302.130819 7277.426230 7252.973886 7228.770420 7204.812472 7181.096781 7157.620115 7134.379411 7111.371362 7088.593088 7066.041581 7043.713883 7021.607158 6999.718535 6978.045247 6956.584551 6935.333764 6914.290279 6893.451501 6872.814837 6852.377829 6832.138003 6812.092970 6792.240354 6772.577758 6753.102900 6733.813653 6714.707664 6695.782799 6677.036884 6658.467770 6640.073579 6621.852080 6603.801336 6585.919331 6568.204164 6550.653924 6533.266730 6516.040740 6498.974086 6482.065030 6465.311808 6448.712682 6432.265961 6415.969888 6399.822893 6383.823343 6367.969615 6352.260153 6336.693364 6321.267759 6305.981805 6290.834094 6275.823089 6260.947370 6246.205536 6231.596190 6217.117873 6202.769540 6188.549515 6174.456626 6160.489566 6146.647054 6132.927943 6119.330848 6105.854626 6092.498065 6079.260003 6066.139259 6053.134700 6040.245153 6027.469567 6014.806821 6002.255825 5989.815526 5977.484588 5965.262875 5953.148318 5941.140450 5929.238160 5917.440456 5905.746409 5894.155078 5882.665474 5871.276755 5859.987952 5848.798147 5837.706495 5826.712137 5815.814146 5805.011774 5794.304121 5783.690322 5773.169611 5762.741215 5752.404244 5742.158070 5732.001781 5721.934684 5711.956009 5702.065009 5692.260969 5682.543171 5672.910886 5663.363449 5653.900142 5644.520273 5635.223186 5626.008146 5616.874720 5607.822081 5598.849509 5589.956505 5581.142494 5572.406798 5563.748759 5555.167833 5546.663464 5538.235030 5529.881958 5521.603690 5513.398972 5505.269343 5497.212161 5489.227607 5481.315125 5473.474192 5465.704329 5458.004998 5450.375687 5442.815917 5435.325219 5427.903035 5420.548967 5413.262516 5406.043211 5398.890592 5391.804228 5384.783653 5377.828419 5370.938117 5364.112291 5357.350526 5350.652402 5344.017524 5337.445499 5330.935809 5324.488195 5318.102200 5311.777447 5305.513563 5299.310156 5293.166861 5287.083308 5281.059149 5275.093993 5269.187520 5263.339352 5257.549189 5251.816648 5246.141403 5240.523149 5234.961517 5229.456216 5224.006924 5218.613313 5213.275091 5207.991930 5202.763564 5197.589600 5192.469950 5187.404127 5182.391903 5177.433038 5172.527169 5167.674095 5162.873525 5158.125181 5153.428826 5148.784160 5144.190968 5139.648965 5135.157899 5130.717577 5126.327698 5121.988046 5117.698382 5113.458470 5109.268090 5105.127004 5100.802889 5096.991582 5092.997331 5089.051272 5085.153392 5081.303549 5077.501490 5073.747049 5070.040003 5066.380172 5062.767354 5059.201365 5055.682009 5052.209123 5048.782498 5045.401975 5042.067370 5038.778542 5035.535213 5032.337358 5029.184728 5026.077183 5023.014561 5019.996692 5017.023445 5014.094650 5011.210164 5008.369861 5005.573535 5002.821100 5000.112410 4997.447303 4994.825669 4992.247365 4989.712306 4987.220233 4984.771149 4982.364902 4980.001345 4977.680377 4975.401884 4973.165751 4970.971862 4968.820107 4966.710386 4964.642589 4962.616603 4960.632353 4958.689727 4956.788630 4954.928966 4953.110642 4951.333572 4949.597702 4947.902866 4946.249032 4944.636120 4943.064048 4941.532738 4940.042117 4938.592105 4937.182642 4935.813646 4934.485061 4933.196818 4931.948856 4930.741114 4929.573530 4928.446054 4927.358622 4926.311192 4925.303706 4924.336118 4923.408373 4922.520444 4921.672277 4920.863829 4920.095064 4919.365942 4918.676434 4918.026503 4917.416118 4916.845247 4916.313873 4915.821961 4915.369486 4914.956426 4914.582772 4914.248495 4913.953582 4913.698016 4913.481796 4913.304895 4913.167318 4913.069056 4913.010096 2456.495222 
 >
 log_likelihood: -43702420.680517 
 distance: 2967.369737 
 breakpoints: 25 29 
 thetas: 999363.110143 1985135.204987 985810.345693 
 se_thetas: 124.171715 2426.751994 1814.670848 
 residues: -801.402462 720.419211 1116.201464 264.747924 -218.760058 175.754761 458.625464 -3.969244 383.858440 -284.149406 -351.875675 88.431927 -43.775697 349.115403 311.161360 -379.340240 160.607550 -219.326441 -143.662137 193.188178 24.989853 360.918074 -158.792659 -344.609625 -275.762755 305.478803 -86.629597 -88.866745 -279.694798 -190.978662 -32.759876 327.927334 -133.793727 45.481785 -25.457330 -342.352582 -31.404309 40.788837 172.280747 241.821592 -233.106316 32.745695 275.417175 -290.235996 -250.521886 201.104973 -214.938516 -75.355317 -53.951435 113.370344 -162.370864 -241.243850 -108.380018 -195.975956 122.714114 78.383470 -306.322438 -90.802164 83.505840 374.126320 -96.449719 -57.762571 39.619311 -192.899267 53.062464 120.862429 158.837901 -14.693147 -65.430902 -166.091906 56.591585 -217.126914 -118.007601 -44.822963 105.642590 46.593889 97.225350 61.721900 -124.740542 -50.994591 132.119316 102.753225 252.052249 -245.845128 3.193501 -21.706018 -11.422272 -80.839656 -115.847562 -32.340012 100.785220 -124.374947 -241.726817 82.819484 123.350152 51.948113 -67.307017 47.661462 -13.072775 -228.438693 18.632034 -154.794669 -159.655365 -1.888774 140.564168 -135.239525 -18.244845 -42.398574 45.350586 -160.947589 -80.245336 -67.495958 105.345757 -90.677971 -11.523768 -262.151226 102.479105 13.405496 18.665223 270.294145 -130.672772 -128.201773 121.740093 -192.814947 71.164121 -240.293625 -37.157730 -161.400168 56.006755 45.089921 -80.124578 54.388767 -105.345307 -1.302643 61.540024 11.205958 -174.282998 -208.904986 127.361107 142.535830 24.639297 -124.308934 5.710252 76.715111 28.724767 131.756030 -39.173530 129.953011 64.152090 178.439844 16.831990 -33.656144 -68.009512 -18.213459 78.746298 -20.116179 -128.787276 152.746592 -57.501688 -60.519246 -191.293501 -139.812262 -184.063500 -0.035512 -94.716765 -57.096052 -63.162227 -24.904815 -167.312984 -72.376448 4.914878 -187.429043 -123.398551 81.015974 -130.176209 -185.965890 -40.344148 -10.302160 -61.831316 257.076831 66.430667 -97.761813 -151.492507 -166.753717 124.462348 -147.836860 -59.643864 -153.951481 -116.752537 -112.040090 -42.807251 96.952703 39.246410 -207.919646 12.460898 -70.605685 160.886756 -47.055717 135.572798 -136.222040 -156.433928 39.942211 39.912054 19.481070 15.654587 -41.562120 -59.163898 95.854311 -47.502429 -47.229405 25.678405 105.225631 -161.582936 -38.742848 89.750469 -63.098548 30.714433 -108.806269 -74.656442 121.168084 -34.328696 -51.142546 42.730328 -3.706161 95.551847 101.508077 -48.833716 -14.469891 -27.396839 70.388982 -91.108972 51.112735 -7.942468 57.728700 156.129532 -51.736775 -81.867043 24.741920 -0.906819 -38.810358 54.034431 56.630440 -88.019399 35.087809 63.954679 -69.415824 123.978962 27.141768 -68.924793 64.781889 -99.735607 54.525246 19.566999 -66.607938 84.002865 -147.598194 125.591227 -68.426468 11.350930 -23.074317 38.300041 115.476178 97.456300 -38.757502 -66.163093 111.241525 -94.541524 10.489759 -37.662652 -52.996793 26.489358 -14.202606 68.929548 52.887530 43.673184 -72.711678 117.734616 -39.986030 -96.871959 -142.921450 -94.132843 -38.504457 -38.034668 67.278181 41.435622 39.439250 -94.709374 62.991266 56.542971 -58.053685 71.203834 -118.683571 5.285653 125.112931 31.799622 122.347089 55.756742 59.029837 69.167754 86.171815 81.043267 -130.216637 12.393425 -33.125414 -3.771872 -52.544704 105.557230 -19.464928 51.390080 -56.876761 -119.264178 43.228875 4.603515 -122.139165 12.001892 -85.972260 28.939443 -2.262006 -48.575563 -4.000213 -23.534984 93.821177 29.069008 -58.790353 73.244121 41.173225 47.997829 -74.281093 -36.662593 -149.145841 -82.729999 -54.414164 45.802512 86.920862 18.942421 -1.134120 70.694182 -101.572605 -160.933669 18.611767 31.064435 61.425121 -62.305417 123.873541 60.962705 116.962869 93.874667 53.698827 2.436049 -135.912980 38.652392 21.132853 20.529068 23.841661 21.071301 -38.781388 -2.715778 14.268731 14.172733 31.996948 -19.258169 73.408036 69.996129 27.506677 -47.059742 140.297423 -14.421274 41.784695 46.915900 51.972838 -10.043938 120.866044 98.703335 62.468432 -44.838195 -89.216014 -18.664573 50.816612 55.228024 -56.429886 44.843360 -30.951819 71.185122 18.254415 -5.743305 15.192332 39.061712 68.865335 12.603541 84.276758 -12.114600 -96.570165 112.910494 31.327725 -109.318064 -47.026491 67.202758 57.370110 101.475899 7.520485 45.504221 -14.572555 21.290506 42.329871 -62.162267 161.522026 -85.852295 -36.285113 88.223819 32.674857 -44.931731 -43.595620 142.683467 -90.094169 22.071752 -46.818478 132.235395 5.233674 66.176606 55.064467 33.897485 -81.323976 -55.599806 -109.929673 55.686647 11.249395 -33.241176 -22.784859 -11.381406 -13.030600 -1.732238 -47.486041 99.708148 -37.149453 55.941387 3.980845 106.969133 -17.093598 88.792975 8.628913 42.414429 26.149733 131.834986 55.470359 -16.943975 91.592159 64.078923 136.516474 143.904974 -2.755413 -2.464559 104.777697 -25.028503 29.116987 114.214304 106.263582 98.264917 157.218521 -10.875535 -45.017127 -118.206135 -15.442442 66.274065 -6.056499 3.565962 60.141566 13.670402 0.152572 31.588168 21.977283 125.320007 65.616421 -55.133384 -49.929342 125.228635 7.340616 42.406677 147.426873 15.401275 40.329948 54.212950 -50.949662 24.842159 174.588466 27.289307 64.944729 81.554763 32.119455 48.638844 35.112963 -42.458170 133.925484 97.263946 -97.442760 86.805373 91.008377 -17.833747 -9.720990 60.346668 -6.315391 
 fitted_sfs: 1013452.402462 513613.580789 346897.798536 263464.252076 213344.760058 179883.245239 155941.374536 137949.969244 123926.141560 112680.149406 103454.875675 95745.568073 89202.775697 83576.884597 78684.838640 74389.340240 70585.392450 67191.326441 64142.662137 61387.811822 58885.010147 56600.081926 54504.792659 52575.609625 50792.762755 49139.521197 47601.629597 46166.866745 44824.694798 43565.978662 42382.759876 41268.072666 40215.793727 39220.518215 38277.457330 37382.352582 36531.404309 35721.211163 34948.719253 34211.178408 33506.106316 32831.254305 32184.582825 31564.235996 30968.521886 30395.895027 29844.938516 29314.355317 28802.951435 28309.629656 27833.370864 27373.243850 26928.380018 26497.975956 26081.285886 25677.616530 25286.322438 24906.802164 24538.494160 24180.873680 23833.449719 23495.762571 23167.380689 22847.899267 22536.937536 22234.137571 21939.162099 21651.693147 21371.430902 21098.091906 20831.408415 20571.126914 20317.007601 20068.822963 19826.357410 19589.406111 19357.774650 19131.278100 18909.740542 18692.994591 18480.880684 18273.246775 18069.947751 17870.845128 17675.806499 17484.706018 17297.422272 17113.839656 16933.847562 16757.340012 16584.214780 16414.374947 16247.726817 16084.180516 15923.649848 15766.051887 15611.307017 15459.338538 15310.072775 15163.438693 15019.367966 14877.794669 14738.655365 14601.888774 14467.435832 14335.239525 14205.244845 14077.398574 13951.649414 13827.947589 13706.245336 13586.495958 13468.654243 13352.677971 13238.523768 13126.151226 13015.520895 12906.594504 12799.334777 12693.705855 12589.672772 12487.201773 12386.259907 12286.814947 12188.835879 12092.293625 11997.157730 11903.400168 11810.993245 11719.910079 11630.124578 11541.611233 11454.345307 11368.302643 11283.459976 11199.794042 11117.282998 11035.904986 10955.638893 10876.464170 10798.360703 10721.308934 10645.289748 10570.284889 10496.275233 10423.243970 10351.173530 10280.046989 10209.847910 10140.560156 10072.168010 10004.656144 9938.009512 9872.213459 9807.253702 9743.116179 9679.787276 9617.253408 9555.501688 9494.519246 9434.293501 9374.812262 9316.063500 9258.035512 9200.716765 9144.096052 9088.162227 9032.904815 8978.312984 8924.376448 8871.085122 8818.429043 8766.398551 8714.984026 8664.176209 8613.965890 8564.344148 8515.302160 8466.831316 8418.923169 8371.569333 8324.761813 8278.492507 8232.753717 8187.537652 8142.836860 8098.643864 8054.951481 8011.752537 7969.040090 7926.807251 7885.047297 7843.753590 7802.919646 7762.539102 7722.605685 7683.113244 7644.055717 7605.427202 7567.222040 7529.433928 7492.057789 7455.087946 7418.518930 7382.345413 7346.562120 7311.163898 7276.145689 7241.502429 7207.229405 7173.321595 7139.774369 7106.582936 7073.742848 7041.249531 7009.098548 6977.285567 6945.806269 6914.656442 6883.831916 6853.328696 6823.142546 6793.269672 6763.706161 6734.448153 6705.491923 6676.833716 6648.469891 6620.396839 6592.611018 6565.108972 6537.887265 6510.942468 6484.271300 6457.870468 6431.736775 6405.867043 6380.258080 6354.906819 6329.810358 6304.965569 6280.369560 6256.019399 6231.912191 6208.045321 6184.415824 6161.021038 6137.858232 6114.924793 6092.218111 6069.735607 6047.474754 6025.433001 6003.607938 5981.997135 5960.598194 5939.408773 5918.426468 5897.649070 5877.074317 5856.699959 5836.523822 5816.543700 5796.757502 5777.163093 5757.758475 5738.541524 5719.510241 5700.662652 5681.996793 5663.510642 5645.202606 5627.070452 5609.112470 5591.326816 5573.711678 5556.265384 5538.986030 5521.871959 5504.921450 5488.132843 5471.504457 5455.034668 5438.721819 5422.564378 5406.560750 5390.709374 5375.008734 5359.457029 5344.053685 5328.796166 5313.683571 5298.714347 5283.887069 5269.200378 5254.652911 5240.243258 5225.970163 5211.832246 5197.828185 5183.956733 5170.216637 5156.606575 5143.125414 5129.771872 5116.544704 5103.442770 5090.464928 5077.609920 5064.876761 5052.264178 5039.771125 5027.396485 5015.139165 5002.998108 4990.972260 4979.060557 4967.262006 4955.575563 4944.000213 4932.534984 4921.178823 4909.930992 4898.790353 4887.755879 4876.826775 4866.002171 4855.281093 4844.662593 4834.145841 4823.729999 4813.414164 4803.197488 4793.079138 4783.057579 4773.134120 4763.305818 4753.572605 4743.933669 4734.388233 4724.935565 4715.574879 4706.305417 4697.126459 4688.037295 4679.037131 4670.125333 4661.301173 4652.563951 4643.912980 4635.347608 4626.867147 4618.470932 4610.158339 4601.928699 4593.781388 4585.715778 4577.731269 4569.827267 4562.003052 4554.258169 4546.591964 4539.003871 4531.493323 4524.059742 4516.702577 4509.421274 4502.215305 4495.084100 4488.027162 4481.043938 4474.133956 4467.296665 4460.531568 4453.838195 4447.216014 4440.664573 4434.183388 4427.771976 4421.429886 4415.156640 4408.951819 4402.814878 4396.745585 4390.743305 4384.807668 4378.938288 4373.134665 4367.396459 4361.723242 4356.114600 4350.570165 4345.089506 4339.672275 4334.318064 4329.026491 4323.797242 4318.629890 4313.524101 4308.479515 4303.495779 4298.572555 4293.709494 4288.670129 4284.162267 4279.477974 4274.852295 4270.285113 4265.776181 4261.325143 4256.931731 4252.595620 4248.316533 4244.094169 4239.928248 4235.818478 4231.764605 4227.766326 4223.823394 4219.935533 4216.102515 4212.323976 4208.599806 4204.929673 4201.313353 4197.750605 4194.241176 4190.784859 4187.381406 4184.030600 4180.732238 4177.486041 4174.291852 4171.149453 4168.058613 4165.019155 4162.030867 4159.093598 4156.207025 4153.371087 4150.585571 4147.850267 4145.165014 4142.529641 4139.943975 4137.407841 4134.921077 4132.483526 4130.095026 4127.755413 4125.464559 4123.222303 4121.028503 4118.883013 4116.785696 4114.736418 4112.735083 4110.781479 4108.875535 4107.017127 4105.206135 4103.442442 4101.725935 4100.056499 4098.434038 4096.858434 4095.329598 4093.847428 4092.411832 4091.022717 4089.679993 4088.383579 4087.133384 4085.929342 4084.771365 4083.659384 4082.593323 4081.573127 4080.598725 4079.670052 4078.787050 4077.949662 4077.157841 4076.411534 4075.710693 4075.055271 4074.445237 4073.880545 4073.361156 4072.887037 4072.458170 4072.074516 4071.736054 4071.442760 4071.194627 4070.991623 4070.833747 4070.720990 4070.653332 2035.315391 
 >
 log_likelihood: -43702404.211336 
 distance: 2901.229305 
 breakpoints: 25 29 30 
 thetas: 999157.725132 2016658.703419 702663.349648 1010461.782554 
 se_thetas: 128.891024 7006.202078 59230.819717 5451.845084 
 residues: -702.876296 719.491954 1084.225735 218.783235 -271.922640 118.763060 399.707166 -63.644365 324.189521 -343.292852 -410.129233 31.329673 -99.536325 294.836139 258.466283 -430.375829 111.285858 -266.895934 -189.453714 149.190290 -17.206506 320.524700 -197.386763 -381.412386 -310.785549 272.221768 -118.137413 -118.643805 -307.761147 -217.355649 -57.469922 304.860936 -155.240478 25.630113 -43.738941 -359.089498 -46.622153 27.064255 160.023495 231.005674 -242.506914 24.734426 268.769307 -295.546302 -254.520350 198.392774 -216.389865 -75.571051 -52.956592 115.550935 -159.029134 -236.765359 -102.788904 -189.296112 130.459050 87.170115 -296.517204 -80.001192 95.279963 386.851280 -82.795964 -43.201789 55.065627 -176.588636 70.216468 138.839137 177.616918 4.868058 -45.107357 -145.025598 78.381348 -194.632735 -94.827779 -20.976005 130.138439 71.720646 122.965289 88.057553 -97.826389 -23.518899 160.139834 131.302104 281.113269 -216.287943 33.231112 8.796519 19.529927 -49.452829 -84.040909 -0.128109 133.388021 -91.395376 -208.384386 116.511083 157.377440 86.297824 -32.647940 82.617055 22.166689 -192.927803 54.402106 -118.777465 -123.402880 34.587328 177.252416 -98.350417 18.834023 -5.140865 82.776398 -123.364234 -42.514823 -29.628500 143.340118 -52.566578 26.694950 -223.834726 140.884007 51.889580 57.219426 308.909561 -92.004898 -89.490042 160.487228 -154.040713 109.957294 -201.489528 1.649415 -122.597709 94.796931 83.860351 -41.381220 93.097857 -66.677549 37.316846 100.104434 49.708605 -135.848674 -170.545426 165.639583 180.727023 62.737120 -86.310449 43.603541 114.497462 66.390544 169.299709 -1.757367 167.236344 101.297386 215.441998 53.685998 3.044814 -31.466410 18.167079 114.959659 15.925487 -92.921730 188.431684 -22.001293 -25.207702 -156.174873 -104.890530 -149.342558 34.480831 -60.408749 -23.000007 -29.281717 8.756674 -133.873922 -39.163142 37.899175 -154.676934 -90.881734 113.294469 -98.138997 -154.172849 -8.798098 20.994150 -30.787429 287.865679 96.961927 -67.490628 -121.483816 -137.009880 153.939036 -118.629556 -30.708119 -125.289410 -88.366198 -83.931482 -14.978315 124.500080 66.510395 -180.940828 39.152825 -44.202319 186.999941 -21.234280 161.100970 -110.988600 -131.496640 64.581978 64.252978 43.521874 39.394041 -18.125200 -36.030651 118.682789 -24.979772 -25.013578 47.586434 126.824937 -140.293238 -17.763603 110.418456 -42.742585 50.757645 -89.076498 -55.240765 140.269053 -15.543015 -32.672697 60.883835 14.130531 113.071284 118.709854 -31.949975 2.095473 -11.150160 86.316698 -75.500466 66.401815 7.027000 72.378399 170.459335 -37.726966 -68.177299 38.111557 12.142694 -26.080956 66.443760 68.719760 -76.249998 46.537407 75.084614 -58.605388 134.470088 37.313798 -59.071626 74.316454 -90.519363 63.423474 28.147535 -58.344747 91.949081 -139.968565 132.904680 -61.428761 18.033340 -16.706734 44.353286 121.215592 102.882411 -33.644150 -61.361937 115.731065 -90.363002 14.357878 -34.104304 -49.747567 29.430127 -11.569613 71.255461 54.907076 45.387091 -71.302667 118.839487 -39.184525 -96.373036 -142.724308 -94.236667 -38.908420 -38.737929 66.276476 40.136341 37.843273 -96.601156 60.804584 54.062306 -60.827406 68.137998 -122.040570 1.638453 121.176504 27.574952 117.835172 50.958583 53.946453 63.800171 80.521069 75.110403 -136.430562 5.899503 -39.898259 -10.822557 -59.872136 97.954152 -27.342543 43.239045 -65.300087 -127.958663 34.264374 -4.629851 -131.640238 2.234277 -96.005242 18.642272 -12.822178 -59.397540 -15.082795 -34.876962 82.221018 17.211889 -70.903203 60.876773 28.552619 35.125212 -87.404469 -50.035469 -162.766954 -96.598079 -68.527937 31.444327 72.319550 4.099272 -16.217808 55.371255 -117.133466 -176.731153 2.578975 14.797655 44.925677 -79.036196 106.912760 43.773259 99.546100 76.231920 35.831451 -15.654601 -154.225549 20.119266 2.380535 1.558926 4.655066 1.669628 -58.396759 -22.543466 -5.769889 -6.075431 11.540632 -39.921243 52.539601 48.923734 6.231724 -68.535847 118.621575 -36.295454 19.713597 24.649300 29.512155 -32.697282 98.021460 75.668940 39.245652 -68.247929 -112.811270 -42.443915 26.854621 31.084821 -80.752860 20.342059 -55.630004 46.331500 -6.773196 -30.943456 -10.178906 13.520839 43.156283 -13.272234 58.235718 -38.319446 -122.937356 86.382421 4.640232 -136.163510 -74.028424 40.045806 30.059607 74.013316 -20.092707 17.741893 -42.482546 -6.765672 14.128933 -90.506392 133.036144 -114.478455 -65.050071 59.321544 3.636746 -74.104194 -72.900954 113.246749 -119.660787 -7.623280 -76.640438 102.287995 -24.837678 35.982791 24.749679 3.463213 -111.876239 -86.268571 -140.713446 24.789357 -19.759917 -64.361018 -54.013735 -42.717823 -44.473061 -33.279248 -79.136104 67.956530 -69.001130 23.991148 -28.066457 74.826267 -49.330530 56.463477 -23.791652 9.904296 -6.448466 99.150219 22.700527 -49.797371 58.656700 31.062903 103.421394 110.732337 -36.004104 -35.787801 71.381405 -58.496340 -4.420892 80.607887 72.590131 64.525935 123.415512 -44.741065 -78.943674 -152.192195 -49.486509 32.173495 -40.212066 -30.643097 25.880520 -20.641124 -34.207930 -2.819803 -12.476651 90.821616 31.075079 -89.716172 -84.552068 90.567477 -27.357468 7.673175 112.659458 -19.398546 5.499229 19.352839 -85.837658 -10.072215 139.649222 -7.673302 29.960264 46.549948 -2.904202 13.597852 0.056143 -77.529310 98.841531 62.168687 -132.547817 51.692025 55.888246 -52.959155 -44.850166 25.215231 -23.881486 
 fitted_sfs: 1013353.876296 513614.508046 346929.774265 263510.216765 213397.922640 179940.236940 156000.292834 138009.644365 123985.810479 112739.292852 103513.129233 95802.670327 89258.536325 83631.163861 78737.533717 74440.375829 70634.714142 67238.895934 64188.453714 61431.809710 58927.206506 56640.475300 54543.386763 52612.412386 50827.785549 49172.778232 47633.137413 46196.643805 44852.761147 43592.355649 42407.469922 41291.139064 40237.240478 39240.369887 38295.738941 37399.089498 36546.622153 35734.935745 34960.976505 34221.994326 33515.506914 32839.265574 32191.230693 31569.546302 30972.520350 30398.607226 29846.389865 29314.571051 28801.956592 28307.449065 27830.029134 27368.765359 26922.788904 26491.296112 26073.540950 25668.829885 25276.517204 24896.001192 24526.720037 24168.148720 23819.795964 23481.201789 23151.934373 22831.588636 22519.783532 22216.160863 21920.383082 21632.131942 21351.107357 21077.025598 20809.618652 20548.632735 20293.827779 20044.976005 19801.861561 19564.279354 19332.034711 19104.942447 18882.826389 18665.518899 18452.860166 18244.697896 18040.886731 17841.287943 17645.768888 17454.203481 17266.470073 17082.452829 16902.040909 16725.128109 16551.611979 16381.395376 16214.384386 16050.488917 15889.622560 15731.702176 15576.647940 15424.382945 15274.833311 15127.927803 14983.597894 14841.777465 14702.402880 14565.412672 14430.747584 14298.350417 14168.165977 14040.140865 13914.223602 13790.364234 13668.514823 13548.628500 13430.659882 13314.566578 13200.305050 13087.834726 12977.115993 12868.110420 12760.780574 12655.090439 12551.004898 12448.490042 12347.512772 12248.040713 12150.042706 12053.489528 11958.350585 11864.597709 11772.203069 11681.139649 11591.381220 11502.902143 11415.677549 11329.683154 11244.895566 11161.291395 11078.848674 10997.545426 10917.360417 10838.272977 10760.262880 10683.310449 10607.396459 10532.502538 10458.609456 10385.700291 10313.757367 10242.763656 10172.702614 10103.558002 10035.314002 9967.955186 9901.466410 9835.832921 9771.040341 9707.074513 9643.921730 9581.568316 9520.001293 9459.207702 9399.174873 9339.890530 9281.342558 9223.519169 9166.408749 9110.000007 9054.281717 8999.243326 8944.873922 8891.163142 8838.100825 8785.676934 8733.881734 8682.705531 8632.138997 8582.172849 8532.798098 8484.005850 8435.787429 8388.134321 8341.038073 8294.490628 8248.483816 8203.009880 8158.060964 8113.629556 8069.708119 8026.289410 7983.366198 7940.931482 7898.978315 7857.499920 7816.489605 7775.940828 7735.847175 7696.202319 7657.000059 7618.234280 7579.899030 7541.988600 7504.496640 7467.418022 7430.747022 7394.478126 7358.605959 7323.125200 7288.030651 7253.317211 7218.979772 7185.013578 7151.413566 7118.175063 7085.293238 7052.763603 7020.581544 6988.742585 6957.242355 6926.076498 6895.240765 6864.730947 6834.543015 6804.672697 6775.116165 6745.869469 6716.928716 6688.290146 6659.949975 6631.904527 6604.150160 6576.683302 6549.500466 6522.598185 6495.973000 6469.621601 6443.540665 6417.726966 6392.177299 6366.888443 6341.857306 6317.080956 6292.556240 6268.280240 6244.249998 6220.462593 6196.915386 6173.605388 6150.529912 6127.686202 6105.071626 6082.683546 6060.519363 6038.576526 6016.852465 5995.344747 5974.050919 5952.968565 5932.095320 5911.428761 5890.966660 5870.706734 5850.646714 5830.784408 5811.117589 5791.644150 5772.361937 5753.268935 5734.363002 5715.642122 5697.104304 5678.747567 5660.569873 5642.569613 5624.744539 5607.092924 5589.612909 5572.302667 5555.160513 5538.184525 5521.373036 5504.724308 5488.236667 5471.908420 5455.737929 5439.723524 5423.863659 5408.156727 5392.601156 5377.195416 5361.937694 5346.827406 5331.862002 5317.040570 5302.361547 5287.823496 5273.425048 5259.164828 5245.041417 5231.053547 5217.199829 5203.478931 5189.889597 5176.430562 5163.100497 5149.898259 5136.822557 5123.872136 5111.045848 5098.342543 5085.760955 5073.300087 5060.958663 5048.735626 5036.629851 5024.640238 5012.765723 5001.005242 4989.357728 4977.822178 4966.397540 4955.082795 4943.876962 4932.778982 4921.788111 4910.903203 4900.123227 4889.447381 4878.874788 4868.404469 4858.035469 4847.766954 4837.598079 4827.527937 4817.555673 4807.680450 4797.900728 4788.217808 4778.628745 4769.133466 4759.731153 4750.421025 4741.202345 4732.074323 4723.036196 4714.087240 4705.226741 4696.453900 4687.768080 4679.168549 4670.654601 4662.225549 4653.880734 4645.619465 4637.441074 4629.344934 4621.330372 4613.396759 4605.543466 4597.769889 4590.075431 4582.459368 4574.921243 4567.460399 4560.076266 4552.768276 4545.535847 4538.378425 4531.295454 4524.286403 4517.350700 4510.487845 4503.697282 4496.978540 4490.331060 4483.754348 4477.247929 4470.811270 4464.443915 4458.145379 4451.915179 4445.752860 4439.657941 4433.630004 4427.668500 4421.773196 4415.943456 4410.178906 4404.479161 4398.843717 4393.272234 4387.764282 4382.319446 4376.937356 4371.617579 4366.359768 4361.163510 4356.028424 4350.954194 4345.940393 4340.986684 4336.092707 4331.258107 4326.482546 4321.765672 4316.871067 4312.506392 4307.963856 4303.478455 4299.050071 4294.678456 4290.363254 4286.104194 4281.900954 4277.753251 4273.660787 4269.623280 4265.640438 4261.712005 4257.837678 4254.017209 4250.250321 4246.536787 4242.876239 4239.268571 4235.713446 4232.210643 4228.759917 4225.361018 4222.013735 4218.717823 4215.473061 4212.279248 4209.136104 4206.043470 4203.001130 4200.008852 4197.066457 4194.173733 4191.330530 4188.536523 4185.791652 4183.095704 4180.448466 4177.849781 4175.299473 4172.797371 4170.343300 4167.937097 4165.578606 4163.267663 4161.004104 4158.787801 4156.618595 4154.496340 4152.420892 4150.392113 4148.409869 4146.474065 4144.584488 4142.741065 4140.943674 4139.192195 4137.486509 4135.826505 4134.212066 4132.643097 4131.119480 4129.641124 4128.207930 4126.819803 4125.476651 4124.178384 4122.924921 4121.716172 4120.552068 4119.432523 4118.357468 4117.326825 4116.340542 4115.398546 4114.500771 4113.647161 4112.837658 4112.072215 4111.350778 4110.673302 4110.039736 4109.450052 4108.904202 4108.402148 4107.943857 4107.529310 4107.158469 4106.831313 4106.547817 4106.307975 4106.111754 4105.959155 4105.850166 4105.784769 2052.881486 
