0.0001
0.000133
0.000178
0.000237
0.000316
0.000421
0.000562
0.000749
0.000999
0.001332
0.001776
0.002368
0.003157
0.004209
0.005612
0.007483
0.009977
0.013303
0.017738
0.02365
0.031534
0.042045
0.05606
0.074747
0.099662
0.132883
0.177177
0.236236
0.314981
0.419975
0.559967
0.746622
0.995496
1.327328
2.0
>
-73569757.38822 182009.749947 147139514.77644
 1779112.164379  
>
-73544109.790661 3315.886548 147088223.581322
9.0 1002359.371515 1999312.139087  
>
-73544107.7725 3049.360908 147088223.545
8.0 9.0 1034955.569751 840878.681381 2000926.630722  
>
-73544106.652941 3254.563489 147088225.305882
9.0 30.0 34.0 1003645.247048 1998591.204911 2062989.148772 1911359.462725  
