0.000100
0.000133
0.000178
0.000237
0.000316
0.000421
0.000562
0.000749
0.000999
0.001332
0.001776
0.002368
0.003157
0.004209
0.005612
0.007483
0.009977
0.013303
0.017738
0.023650
0.031534
0.042045
0.056060
0.074747
0.099662
0.132883
0.177177
0.236236
0.314981
0.419975
0.559967
0.746622
0.995496
1.327328
2.000000
 >
 log_likelihood: -73569757.388220 
 distance: 182009.749947 
 breakpoints: 
 thetas: 1779112.164379 
 se_thetas: 6326.076976 
 residues: -111575.057426 54048.240282 61085.146325 52128.701701 43677.514706 37827.454655 32303.465644 27933.519601 24661.601040 21906.700560 20045.630454 19395.932142 16633.672918 16119.186290 14825.317018 14074.448929 12709.463291 12830.712104 11814.947673 11579.971233 10625.098294 10163.132495 9952.302080 8899.465455 8792.783044 8879.005188 8456.475693 8061.917541 7912.057357 7789.124971 7291.255945 7172.819052 7175.683689 6416.440629 6773.584351 6225.665660 6081.418938 6078.869864 6148.425951 5951.954406 5465.845959 5522.075777 5348.247118 4998.636621 5313.229420 4866.750268 5282.695390 4805.347962 4714.808070 4424.003840 4707.724700 4455.603910 4382.163590 4320.810134 4301.847651 4426.487095 4394.854590 3909.998221 3922.895340 3993.458086 3802.538817 3625.934459 3771.392096 3762.611480 3655.249855 3743.924062 3237.214449 3571.667273 3594.796718 3688.088116 3222.999075 3417.962125 3387.385629 3455.656325 3438.139956 3411.183358 3302.115056 2905.246915 3138.874995 2958.280388 2839.730481 3013.479500 2591.769548 2833.831139 3013.884177 2989.137099 2969.790652 2372.035446 2768.053397 2683.018375 2630.097763 2883.449696 2527.226750 2359.574892 2572.633721 2461.537199 2585.413577 2580.386087 2477.572755 2539.087077 2240.037897 2517.529952 2396.663720 2303.535994 2575.239791 2254.864634 2391.496633 2104.218864 2488.111140 2298.250717 2368.711410 2351.565291 2250.881925 2220.725700 2139.163197 1957.255853 2284.063542 2239.644172 2286.054011 2037.346941 2096.575380 2039.789721 2037.039050 1837.371291 1955.832332 1842.464736 1772.313634 2071.419956 1871.824155 1977.565353 1811.681382 2056.209147 2109.184289 2161.641525 1923.614093 1944.135335 2037.236170 2003.947643 1795.299579 1961.320899 1743.039845 1975.483774 1867.679344 1874.651787 1962.427967 1798.030727 1873.484350 1956.812064 1743.036316 1667.179110 1861.261788 1723.305083 1698.329313 1896.354184 1634.398820 1742.482035 1964.621925 1579.836611 1628.143056 1756.558261 1518.098798 1708.780610 1666.619436 1477.630498 1723.828793 1656.228809 1584.844993 1634.690667 1589.779860 1540.125694 1464.740999 1410.638455 1419.830267 1543.328633 1597.145170 1532.291473 1621.778679 1642.617819 1297.819594 1568.394483 1624.352913 1503.704667 1424.459782 1365.627627 1573.217795 1702.239327 1413.701366 1606.612581 1485.981678 1226.817004 1551.126862 1357.919308 1446.202296 1448.983560 1349.270659 1394.071049 1382.392004 1372.240699 1450.624060 1403.548630 1420.022143 1523.050194 1398.639491 1286.796412 1412.527127 1442.837757 1337.734241 1236.222398 1450.308087 1158.996591 1345.293778 1154.204860 1428.735367 1372.890264 1315.674771 1265.093907 1240.152537 1273.855535 1325.207624 1130.213491 1324.877536 1294.204629 1304.198883 1194.864660 1413.206257 1270.227763 1334.933351 1217.327028 1228.412767 1360.194459 1061.675868 1344.860753 1263.752891 1180.355823 1396.673142 1266.708295 1130.464728 1149.945934 1124.155213 1391.095600 1194.770554 1344.183146 1143.336539 1226.233859 1281.877755 1269.271527 1282.417958 1098.319982 1208.980338 1072.401795 1122.587080 1216.538857 1221.259850 1214.752558 1090.019538 1119.063309 1163.886314 1099.491127 1056.879994 1062.055281 1236.019346 1235.774439 1045.322882 1111.666815 1081.808472 947.749865 1264.493250 1160.040676 1361.394171 1285.555757 1205.527582 1162.311046 1246.908705 1048.322206 1147.553445 1175.604284 1076.476346 1236.171691 1112.691948 1027.038881 1147.214161 1148.219509 1042.056561 1223.727031 1085.232420 1156.574359 1126.754431 1006.774157 952.635576 944.338558 950.886481 1003.279827 1169.520247 1182.609184 1176.547971 1205.337967 984.980624 1046.477133 1013.828919 1106.037317 995.103537 957.028819 1026.814530 1011.461718 910.971706 1097.345762 978.584979 1136.690465 1070.663547 881.505077 890.216427 1062.798577 963.252650 875.579728 1026.780846 1094.857039 1148.809372 1211.638796 1138.346359 943.933068 1148.399866 947.747845 999.977548 922.090244 1039.087003 1002.968500 922.735551 1107.389162 1130.930308 1000.359755 1002.678298 1073.886852 1050.986246 993.977288 959.862044 834.637529 949.308329 947.873925 968.335126 850.692693 970.947307 1095.099758 969.150790 1120.101089 991.951329 934.702344 1013.354685 762.909080 1153.366218 1093.726764 942.991333 990.160609 988.235243 936.215817 1083.103002 849.897395 964.599605 799.210199 918.729739 1121.159016 850.498358 797.748451 988.909832 1090.983045 1045.968657 930.867197 825.679204 1074.405173 886.045683 858.601185 1079.072241 956.459266 917.762830 851.983403 783.121420 857.177426 1077.151833 1017.045113 749.857739 1060.590134 930.242777 1034.816042 887.310533 903.726304 807.064130 1184.324319 976.507208 885.613350 1071.643009 894.596617 1008.474578 726.277228 825.005012 904.658232 751.237307 871.742607 836.174390 776.533114 941.819083 865.032645 1000.174144 903.243893 1068.242242 838.589880 925.026467 837.812032 906.527876 910.173948 774.750427 983.257698 744.695990 990.065634 843.366885 824.600039 941.765360 710.863137 723.893597 844.857053 822.753726 894.583890 769.347735 822.045703 832.677778 970.244351 885.745617 879.181812 1063.553187 989.859924 830.102273 837.280439 923.394601 790.445076 877.431969 930.355494 907.215895 909.013320 873.747984 920.419992 914.029767 968.577257 915.062693 955.486299 818.848215 999.148603 947.387632 906.565473 879.682282 891.738205 855.733401 778.668037 849.542216 929.356102 953.109833 914.803549 691.437384 872.011465 1061.525853 940.980823 867.376398 956.712698 880.989839 709.207936 724.367094 1009.467433 895.509034 949.492020 948.416472 894.282487 968.090155 912.839564 716.530805 985.163950 778.739093 818.256289 866.715628 923.117177 896.461013 884.747175 764.975741 892.146774 919.260328 821.316459 838.315210 842.256633 1011.140772 1000.967678 928.737371 863.449902 840.105310 1051.703628 938.244863 781.729062 828.156242 958.526430 1014.839622 909.095864 1006.295144 956.437474 833.522880 398.775673 
 fitted_sfs: 1780893.057426 891338.759718 594821.853675 446564.298299 357610.485294 298308.545345 255950.534356 224182.480399 199474.398960 179708.299440 163536.369546 150060.067858 138657.327082 128883.813710 120413.682982 113002.551071 106463.536709 100651.287896 95451.052327 90771.028767 86536.901706 82687.867505 79173.697920 75952.534545 72989.216956 70253.994812 67721.524307 65370.082459 63180.942643 61137.875029 59226.744055 57435.180948 55752.316311 54168.559371 52675.415649 51265.334340 49931.581062 48668.130136 47469.574049 46331.045594 45248.154041 44216.924223 43233.752882 42295.363379 41398.770580 40541.249732 39720.304610 38933.652038 38179.191930 37454.996160 36759.275300 36090.396090 35446.836410 34827.189866 34230.152349 33654.512905 33099.145410 32563.001779 32045.104660 31544.541914 31060.461183 30592.065541 30138.607904 29699.388520 29273.750145 28861.075938 28460.785551 28072.332727 27695.203282 27328.911884 26973.000925 26627.037875 26290.614371 25963.343675 25644.860044 25334.816642 25032.884944 24738.753085 24452.125005 24172.719612 23900.269519 23634.520500 23375.230452 23122.168861 22875.115823 22633.862901 22398.209348 22167.964554 21942.946603 21722.981625 21507.902237 21297.550304 21091.773250 20890.425108 20693.366279 20500.462801 20311.586423 20126.613913 19945.427245 19767.912923 19593.962103 19423.470048 19256.336280 19092.464006 18931.760209 18774.135366 18619.503367 18467.781136 18318.888860 18172.749283 18029.288590 17888.434709 17750.118075 17614.274300 17480.836803 17349.744147 17220.936458 17094.355828 16969.945989 16847.653059 16727.424620 16609.210279 16492.960950 16378.628709 16266.167668 16155.535264 16046.686366 15939.580044 15834.175845 15730.434647 15628.318618 15527.790853 15428.815711 15331.358475 15235.385907 15140.864665 15047.763830 14956.052357 14865.700421 14776.679101 14688.960155 14602.516226 14517.320656 14433.348213 14350.572033 14268.969273 14188.515650 14109.187936 14030.963684 13953.820890 13877.738212 13802.694917 13728.670687 13655.645816 13583.601180 13512.517965 13442.378075 13373.163389 13304.856944 13237.441739 13170.901202 13105.219390 13040.380564 12976.369502 12913.171207 12850.771191 12789.155007 12728.309333 12668.220140 12608.874306 12550.259001 12492.361545 12435.169733 12378.671367 12322.854830 12267.708527 12213.221321 12159.382181 12106.180406 12053.605517 12001.647087 11950.295333 11899.540218 11849.372373 11799.782205 11750.760673 11702.298634 11654.387419 11607.018322 11560.182996 11513.873138 11468.080692 11422.797704 11378.016440 11333.729341 11289.928951 11246.607996 11203.759301 11161.375940 11119.451370 11077.977857 11036.949806 10996.360509 10956.203588 10916.472873 10877.162243 10838.265759 10799.777602 10761.691913 10724.003409 10686.706222 10649.795140 10613.264633 10577.109736 10541.325229 10505.906093 10470.847463 10436.144465 10401.792376 10367.786509 10334.122464 10300.795371 10267.801117 10235.135340 10202.793743 10170.772237 10139.066649 10107.672972 10076.587233 10045.805541 10015.324132 9985.139247 9955.247109 9925.644177 9896.326858 9867.291705 9838.535272 9810.054066 9781.844787 9753.904400 9726.229446 9698.816854 9671.663461 9644.766141 9618.122245 9591.728473 9565.582042 9539.680018 9514.019662 9488.598205 9463.412920 9438.461143 9413.740150 9389.247442 9364.980462 9340.936691 9317.113686 9293.508873 9270.120006 9246.944719 9223.980654 9201.225561 9178.677118 9156.333185 9134.191528 9112.250135 9090.506750 9068.959324 9047.605829 9026.444243 9005.472418 8984.688954 8964.091295 8943.677794 8923.446555 8903.395716 8883.523654 8863.828309 8844.308052 8824.961119 8805.785839 8786.780491 8767.943439 8749.272969 8730.767580 8712.425641 8694.245569 8676.225843 8658.364424 8640.661442 8623.113519 8605.720173 8588.479753 8571.390816 8554.452029 8537.662033 8521.019376 8504.522867 8488.171081 8471.962683 8455.896463 8439.971181 8424.185470 8408.538282 8393.028294 8377.654238 8362.415021 8347.309535 8332.336453 8317.494923 8302.783573 8288.201423 8273.747350 8259.420272 8245.219154 8231.142961 8217.190628 8203.361204 8189.653641 8176.066932 8162.600134 8149.252155 8136.022452 8122.909756 8109.912997 8097.031500 8084.264449 8071.610838 8059.069692 8046.640245 8034.321702 8022.113148 8010.013754 7998.022712 7986.137956 7974.362471 7962.691671 7951.126075 7939.664874 7928.307307 7917.052693 7905.900242 7894.849210 7883.898911 7873.048671 7862.297656 7851.645315 7841.090920 7830.633782 7820.273236 7810.008667 7799.839391 7789.764757 7779.784183 7769.896998 7760.102605 7750.400395 7740.789801 7731.270261 7721.840984 7712.501642 7703.251549 7694.090168 7685.016955 7676.031343 7667.132803 7658.320796 7649.594827 7640.954317 7632.398815 7623.927759 7615.540734 7607.237170 7599.016597 7590.878580 7582.822574 7574.848167 7566.954887 7559.142261 7551.409866 7543.757223 7536.183958 7528.689467 7521.273696 7513.935870 7506.675681 7499.492792 7492.386650 7485.356991 7478.403383 7471.525422 7464.722772 7457.994988 7451.341768 7444.762693 7438.257393 7431.825610 7425.466886 7419.180917 7412.967355 7406.825856 7400.756107 7394.757758 7388.410120 7382.973533 7377.187968 7371.472124 7365.826052 7360.249573 7354.742302 7349.304010 7343.934366 7338.633115 7333.399961 7328.234640 7323.136863 7318.106403 7313.142947 7308.246274 7303.416110 7298.652265 7293.954297 7289.322222 7284.755649 7280.254383 7275.818188 7271.446813 7267.140076 7262.897727 7258.719561 7254.605399 7250.554924 7246.568031 7242.644506 7238.784105 7234.986680 7231.252016 7227.580008 7223.970233 7220.422743 7216.937307 7213.513701 7210.151785 7206.851397 7203.612368 7200.434527 7197.317718 7194.261795 7191.266599 7188.331963 7185.457784 7182.643898 7179.890167 7177.196451 7174.562616 7171.988535 7169.474147 7167.019177 7164.623602 7162.287302 7160.010161 7157.792064 7155.632906 7153.532567 7151.490966 7149.507980 7147.583528 7145.717513 7143.909845 7142.160436 7140.469195 7138.836050 7137.260907 7135.743711 7134.284372 7132.882823 7131.538987 7130.252825 7129.024259 7127.853226 7126.739672 7125.683541 7124.684790 7123.743367 7122.859228 7122.032322 7121.262629 7120.550098 7119.894690 7119.296372 7118.755137 7118.270938 7117.843758 7117.473570 7117.160378 7116.904136 7116.704856 7116.562526 7116.477120 3558.224327 
 >
 log_likelihood: -73544109.790661 
 distance: 3315.886548 
 breakpoints: 9 
 thetas: 1002359.371515 1999312.139087 
 se_thetas: 644.634773 213.625130 
 residues: 170.526503 -969.459226 -266.347497 -81.893477 230.032683 1131.216627 688.683147 205.159159 -21.776607 -334.084885 -194.705528 823.209267 -527.841329 167.304136 -78.230199 88.171376 -467.484158 373.144090 1.010553 345.278646 -85.538196 -71.110757 153.006365 -501.148130 -241.062092 183.697393 74.610731 -28.910457 92.178280 222.115515 -39.213598 64.090539 275.242647 -287.979505 253.969989 -119.423533 -98.592135 55.235595 273.136480 217.579911 -134.499238 49.365386 -2.776539 -236.242952 189.320772 -151.022901 366.529755 -13.454014 -10.614676 -211.783693 158.044452 -11.289431 -5.076630 10.263319 65.195934 261.082053 298.187096 -120.310996 -43.313961 89.203212 -41.801662 -160.432812 41.149084 86.730532 32.049947 171.800670 -285.365164 97.166246 166.972887 305.600020 -115.438032 122.344676 133.407198 242.184027 264.086274 275.503606 203.805280 -156.658275 112.445616 -33.567100 -118.395978 88.244706 -301.373026 -27.990137 182.640354 187.753240 197.573587 -371.684341 52.184019 -5.625841 -31.926371 247.460713 -83.293271 -226.024363 11.424369 -75.796584 71.456962 89.323425 8.935500 92.420685 -185.098662 113.495109 13.314970 -59.530348 232.063689 -68.802317 86.968434 -181.530753 220.789880 49.017020 137.233864 137.521135 53.956727 40.614259 -24.432717 -190.114788 152.635390 123.882909 185.690851 -47.880098 26.228924 -15.925327 -4.287750 -189.804789 -57.424882 -157.099158 -213.778084 98.584754 -87.965225 30.615952 -122.629138 134.340915 199.566187 264.085638 37.936818 70.156782 174.780687 152.843245 -44.622014 132.417452 -75.006658 168.136409 70.876585 88.242582 186.263634 31.966320 117.377660 210.523714 6.429759 -59.879518 143.619871 14.951256 -0.862570 206.200544 -46.837864 70.043295 300.864434 -75.354274 -18.593565 118.165610 -112.058185 86.753038 52.616927 -128.449374 125.570943 65.694198 1.936493 59.313104 21.839523 -20.469449 -88.599347 -135.535962 -119.265516 11.225609 71.950545 13.922265 110.153337 137.656125 -200.557327 76.524765 138.914024 24.621584 -48.341401 -100.964273 112.763636 247.852569 -34.687285 164.153889 49.385823 -203.982056 126.059555 -61.480276 32.407365 40.731178 -53.500325 -3.278777 -9.595999 -14.443951 69.185186 27.298938 48.905423 157.011482 37.624507 -69.248365 61.399814 96.575900 -3.713423 -100.461601 118.337878 -168.308859 22.604584 -163.915826 115.136003 63.765784 10.979323 -35.217743 -55.819915 -17.821739 37.782102 -153.003143 45.827566 19.279487 33.357407 -71.933793 150.410689 11.395497 80.025276 -33.695459 -18.762253 116.829264 -177.916649 109.004229 31.596091 -48.137038 171.808860 45.437691 -87.246679 -64.240387 -86.539710 183.858892 -9.040832 143.764619 -53.721233 32.505084 91.446747 82.107271 98.489852 -82.402257 31.434065 -101.998072 -48.695609 48.344457 56.125137 52.649290 -69.080213 -37.060547 10.711050 -50.762611 -90.478923 -82.435233 94.371087 96.942582 -90.718178 -21.608749 -48.726653 -180.069552 139.365006 37.579342 241.575745 168.356485 90.923885 50.279831 137.426841 -58.633094 43.102145 73.634636 -23.033688 139.099333 18.035606 -65.222904 57.325702 60.683339 -43.148143 140.833139 4.628935 78.241054 50.671265 -67.078712 -119.006873 -125.112453 -116.392720 -61.846586 106.527684 121.731695 117.766981 148.635080 -69.662431 -6.124131 -36.748479 57.466007 -51.479273 -87.582912 -15.843440 -29.259579 -127.829903 60.446972 -56.427677 103.547428 39.373674 -147.947821 -137.415661 36.971325 -60.785623 -146.685294 6.273487 76.091888 131.771085 196.312182 124.716332 -68.015345 138.118228 -60.881794 -7.014573 -83.278871 35.326433 0.802231 -77.850514 108.369262 133.462599 4.430414 8.273630 80.993238 59.590167 4.065334 -28.579646 -152.346006 -36.230721 -36.233648 -14.353900 -130.590626 -8.943022 116.589770 -7.991423 144.314189 17.507383 -38.410980 41.559799 -207.579488 184.171923 125.814781 -23.650201 24.777726 24.099285 -26.684840 121.426075 -110.567288 5.335754 -158.864143 -38.166334 165.429956 -104.074767 -155.679798 36.615481 139.811686 95.909442 -18.090651 -122.187990 127.617999 -59.672069 -86.057652 135.461849 13.886947 -23.781760 -88.543736 -156.398467 -81.345381 139.616016 80.486247 -185.734166 125.955267 -3.444937 102.065678 -44.512305 -27.178620 -122.932593 255.226180 48.298119 -41.716238 145.183479 -31.002267 83.726970 -197.628409 -98.067939 -17.591245 -170.197883 -48.887444 -83.659583 -142.513843 23.550139 -52.467248 83.434378 -12.744619 152.996140 -76.105269 11.238622 -75.259475 -5.836161 -1.491295 -136.224605 72.964290 -164.924317 81.109922 -64.932691 -83.051833 34.752799 -195.518481 -181.865394 -60.287619 -81.784883 -9.356893 -134.003399 -80.724014 -69.518611 68.613164 -15.328448 -21.343183 163.569228 90.409012 -68.823566 -61.128270 25.495121 -106.953098 -19.472752 33.936394 11.274586 13.542020 -21.261078 25.865458 19.921969 74.908528 21.825364 62.672702 -73.549284 107.159592 55.799517 15.370679 -11.126747 1.307407 -34.326681 -111.028837 -39.798919 40.363243 64.457805 26.484923 -196.555255 -15.662582 174.163044 53.921850 -19.386085 70.239372 -5.201648 -176.709020 -161.282621 124.077672 10.371965 64.600381 63.763021 9.859992 83.891395 28.857330 -167.242106 101.593174 -104.636731 -64.931749 -16.291788 40.283230 13.793387 2.238739 -117.380633 9.935338 37.186716 -60.626439 -43.504073 -39.446131 129.547438 119.476687 47.341648 -17.857629 -41.121101 170.551266 57.159494 -99.296378 -52.816326 77.599676 133.951636 28.239589 125.463534 75.623484 -47.280544 -41.624277 
 fitted_sfs: 1669147.473497 946356.459226 656173.347497 498774.893477 401057.967317 335004.783373 287565.316853 251910.840841 224157.776607 201949.084885 183776.705528 168632.790733 155818.841329 144835.695864 135317.230199 126988.828624 119640.484158 113108.855910 107264.989447 102005.721354 97247.538196 92922.110757 88972.993635 85353.148130 82023.062092 78949.302607 76103.389269 73460.910457 71000.821720 68704.884485 66557.213598 64543.909461 62652.757353 60872.979505 59195.030011 57610.423533 56111.592135 54691.764405 53344.863520 52065.420089 50848.499238 49689.634614 48584.776539 47530.242952 46522.679228 45559.022901 44636.470245 43752.454014 42904.614676 42090.783693 41308.955548 40557.289431 39834.076630 39137.736681 38466.804066 37819.917947 37195.812904 36593.310996 36011.313961 35448.796788 34904.801662 34378.432812 33868.850916 33375.269468 32896.950053 32433.199330 31983.365164 31546.833754 31123.027113 30711.399980 30311.438032 29922.655324 29544.592802 29176.815973 28818.913726 28470.496394 28131.194720 27800.658275 27478.554384 27164.567100 26858.395978 26559.755294 26268.373026 25983.990137 25706.359646 25435.246760 25170.426413 24911.684341 24658.815981 24411.625841 24169.926371 23933.539287 23702.293271 23476.024363 23254.575631 23037.796584 22825.543038 22617.676575 22414.064500 22214.579315 22019.098662 21827.504891 21639.685030 21455.530348 21274.936311 21097.802317 20924.031566 20753.530753 20586.210120 20421.982980 20260.766136 20102.478865 19947.043273 19794.385741 19644.432717 19497.114788 19352.364610 19210.117091 19070.309149 18932.880098 18797.771076 18664.925327 18534.287750 18405.804789 18279.424882 18155.099158 18032.778084 17912.415246 17793.965225 17677.384048 17562.629138 17449.659085 17338.433813 17228.914362 17121.063182 17014.843218 16910.219313 16807.156755 16705.622014 16605.582548 16507.006658 16409.863591 16314.123415 16219.757418 16126.736366 16035.033680 15944.622340 15855.476286 15767.570241 15680.879518 15595.380129 15511.048744 15427.862570 15345.799456 15264.837864 15184.956705 15106.135566 15028.354274 14951.593565 14875.834390 14801.058185 14727.246962 14654.383073 14582.449374 14511.429057 14441.305802 14372.063507 14303.686896 14236.160477 14169.469449 14103.599347 14038.535962 13974.265516 13910.774391 13848.049455 13786.077735 13724.846663 13664.343875 13604.557327 13545.475235 13487.085976 13429.378416 13372.341401 13315.964273 13260.236364 13205.147431 13150.687285 13096.846111 13043.614177 12990.982056 12938.940445 12887.480276 12836.592635 12786.268822 12736.500325 12687.278777 12638.595999 12590.443951 12542.814814 12495.701062 12449.094577 12402.988518 12357.375493 12312.248365 12267.600186 12223.424100 12179.713423 12136.461601 12093.662122 12051.308859 12009.395416 11967.915826 11926.863997 11886.234216 11846.020677 11806.217743 11766.819915 11727.821739 11689.217898 11651.003143 11613.172434 11575.720513 11538.642593 11501.933793 11465.589311 11429.604503 11393.974724 11358.695459 11323.762253 11289.170736 11254.916649 11220.995771 11187.403909 11154.137038 11121.191140 11088.562309 11056.246679 11024.240387 10992.539710 10961.141108 10930.040832 10899.235381 10868.721233 10838.494916 10808.553253 10778.892729 10749.510148 10720.402257 10691.565935 10662.998072 10634.695609 10606.655543 10578.874863 10551.350710 10524.080213 10497.060547 10470.288950 10443.762611 10417.478923 10391.435233 10365.628913 10340.057418 10314.718178 10289.608749 10264.726653 10240.069552 10215.634994 10191.420658 10167.424255 10143.643515 10120.076115 10096.720169 10073.573159 10050.633094 10027.897855 10005.365364 9983.033688 9960.900667 9938.964394 9917.222904 9895.674298 9874.316661 9853.148143 9832.166861 9811.371065 9790.758946 9770.328735 9750.078712 9730.006873 9710.112453 9690.392720 9670.846586 9651.472316 9632.268305 9613.233019 9594.364920 9575.662431 9557.124131 9538.748479 9520.533993 9502.479273 9484.582912 9466.843440 9449.259579 9431.829903 9414.553028 9397.427677 9380.452572 9363.626326 9346.947821 9330.415661 9314.028675 9297.785623 9281.685294 9265.726513 9249.908112 9234.228915 9218.687818 9203.283668 9188.015345 9172.881772 9157.881794 9143.014573 9128.278871 9113.673567 9099.197769 9084.850514 9070.630738 9056.537401 9042.569586 9028.726370 9015.006762 9001.409833 8987.934666 8974.579646 8961.346006 8948.230721 8935.233648 8922.353900 8909.590626 8896.943022 8884.410230 8871.991423 8859.685811 8847.492617 8835.410980 8823.440201 8811.579488 8799.828077 8788.185219 8776.650201 8765.222274 8753.900715 8742.684840 8731.573925 8720.567288 8709.664246 8698.864143 8688.166334 8677.570044 8667.074767 8656.679798 8646.384519 8636.188314 8626.090558 8616.090651 8606.187990 8596.382001 8586.672069 8577.057652 8567.538151 8558.113053 8548.781760 8539.543736 8530.398467 8521.345381 8512.383984 8503.513753 8494.734166 8486.044733 8477.444937 8468.934322 8460.512305 8452.178620 8443.932593 8435.773820 8427.701881 8419.716238 8411.816521 8404.002267 8396.273030 8388.628409 8381.067939 8373.591245 8366.197883 8358.887444 8351.659583 8344.513843 8337.449861 8330.467248 8323.565622 8316.744619 8310.003860 8303.105269 8296.761378 8290.259475 8283.836161 8277.491295 8271.224605 8265.035710 8258.924317 8252.890078 8246.932691 8241.051833 8235.247201 8229.518481 8223.865394 8218.287619 8212.784883 8207.356893 8202.003399 8196.724014 8191.518611 8186.386836 8181.328448 8176.343183 8171.430772 8166.590988 8161.823566 8157.128270 8152.504879 8147.953098 8143.472752 8139.063606 8134.725414 8130.457980 8126.261078 8122.134542 8118.078031 8114.091472 8110.174636 8106.327298 8102.549284 8098.840408 8095.200483 8091.629321 8088.126747 8084.692593 8081.326681 8078.028837 8074.798919 8071.636757 8068.542195 8065.515077 8062.555255 8059.662582 8056.836956 8054.078150 8051.386085 8048.760628 8046.201648 8043.709020 8041.282621 8038.922328 8036.628035 8034.399619 8032.236979 8030.140008 8028.108605 8026.142670 8024.242106 8022.406826 8020.636731 8018.931749 8017.291788 8015.716770 8014.206613 8012.761261 8011.380633 8010.064662 8008.813284 8007.626439 8006.504073 8005.446131 8004.452562 8003.523313 8002.658352 8001.857629 8001.121101 8000.448734 7999.840506 7999.296378 7998.816326 7998.400324 7998.048364 7997.760411 7997.536466 7997.376516 7997.280544 3998.624277 
 >
 log_likelihood: -73544107.772500 
 distance: 3049.360908 
 breakpoints: 8 9 
 thetas: 1034955.569751 840878.681381 2000926.630722 
 se_thetas: 3474.162167 16968.358623 259.649799 
 residues: -5.059648 64.188888 -106.402864 -253.213121 -19.365434 884.232408 463.847213 4.039500 -202.071099 -496.939808 -343.039843 687.056047 -653.661932 50.348019 -187.501389 -14.374885 -564.096599 281.806045 -85.608445 262.906627 -164.067870 -146.147543 81.158576 -570.072811 -307.297645 119.943971 13.155452 -88.231872 34.843445 166.634704 -92.960115 11.969812 224.649069 -337.135869 206.168609 -165.945306 -143.903567 11.070707 230.059246 175.535864 -175.560601 9.239837 -42.009890 -274.624743 151.752612 -187.812900 330.484754 -48.785150 -45.261163 -245.773049 124.686497 -44.040398 -37.243586 -21.341326 34.133082 230.541576 268.150601 -149.860956 -72.393945 60.577474 -69.988109 -188.194206 13.799190 59.779215 5.484885 145.610097 -311.192485 71.691436 141.840310 280.799842 -139.915233 98.181428 109.549244 218.623061 240.814322 252.513009 181.088678 -179.107961 90.256036 -55.503127 -140.084764 66.797078 -322.585356 -48.972820 161.881870 167.213680 177.247874 -391.801112 32.271444 -25.338811 -51.444156 228.133817 -102.433431 -244.981805 -7.354249 -94.400147 53.024798 71.059118 -9.164385 74.481889 -202.879603 95.868885 -4.159585 -76.856195 214.883677 -85.839289 70.071786 -198.289718 204.166030 32.525790 120.872817 121.287910 37.849034 24.629827 -40.296060 -205.859167 137.007899 108.370285 170.291127 -63.168844 11.049282 -30.997694 -19.254628 -204.667910 -72.185935 -171.759828 -228.339977 84.120056 -102.334271 16.341049 -136.811374 120.249904 185.564993 250.172884 24.111152 56.416896 161.125286 139.271070 -58.112197 119.008054 -88.336455 154.885057 57.702546 75.144736 173.240914 19.017653 104.502001 197.720044 -6.302925 -72.542197 131.026234 2.425719 -13.320932 193.808450 -59.164580 57.781085 288.665872 -87.490024 -30.667329 106.153022 -124.010388 74.860439 40.783168 -140.225045 113.852623 54.032503 -9.669284 47.762540 10.343487 -31.911629 -99.988336 -146.872410 -130.550065 -0.007669 60.767919 2.789683 99.070200 126.621845 -211.543328 65.586474 128.022884 13.777044 -59.139881 -111.717228 102.055683 237.189101 -45.306775 153.577877 38.852798 -214.472579 115.611056 -71.887220 22.041514 30.405965 -63.785348 -13.524053 -19.801963 -24.611031 59.056567 17.208359 38.852486 146.995777 27.645636 -79.190796 51.493438 86.705197 -13.548828 -110.262080 108.571963 -178.040575 12.906714 -173.580201 105.504779 54.167370 1.413383 -44.751541 -65.321899 -27.292231 28.342783 -162.411603 36.449653 9.931819 24.039681 -81.221875 141.151956 2.165822 70.824373 -42.867873 -27.906457 107.712993 -187.005259 99.943010 22.561998 -57.144267 162.828237 36.483416 -96.174859 -73.142720 -95.416443 175.007513 -17.867097 134.963230 -62.497982 23.752747 82.718586 73.403061 89.809369 -91.059234 22.800374 -110.608694 -57.283376 39.779332 47.582446 44.128826 -77.578655 -45.537171 2.256044 -59.196196 -98.891282 -90.826562 86.000597 88.592742 -99.047555 -29.917850 -57.015660 -188.338649 131.115640 29.349530 233.365311 160.165254 82.751689 42.126491 129.292193 -66.749216 35.004382 65.555070 -31.095223 131.055672 10.009658 -73.231295 49.334712 52.709595 -51.104793 132.893433 -3.293978 70.334786 42.781494 -74.952130 -126.864074 -132.953600 -124.217940 -69.656023 98.733892 113.953411 110.004070 140.887404 -77.395004 -13.841734 -44.451244 49.777951 -59.152748 -95.241936 -23.488138 -36.890079 -135.446329 52.844499 -64.016320 95.972491 31.812327 -155.495701 -144.950191 29.450028 -68.293804 -154.180473 -1.208805 68.622370 124.314228 188.867875 117.284464 -75.434884 130.710911 -68.276997 -14.397773 -90.650173 27.966927 -6.545584 -85.186745 101.044513 126.149232 -2.871674 0.982721 73.713407 52.321317 -3.192635 -35.826808 -159.582504 -43.456628 -43.449059 -21.558911 -137.785330 -16.127513 109.415399 -15.155765 137.159784 10.362823 -45.545782 34.434663 -214.695046 177.065855 118.718115 -30.737553 17.699602 17.030305 -33.744764 114.375123 -117.609351 -1.697504 -165.888681 -45.182234 158.422614 -111.073634 -162.670270 29.633322 132.837760 88.943670 -25.048347 -129.137689 120.676218 -66.606009 -92.983828 128.543361 6.976069 -30.685103 -95.439618 -163.286965 -88.226568 132.742065 73.619459 -192.593864 119.102586 -10.290673 95.226814 -51.344366 -34.003953 -129.751268 248.414094 41.492551 -48.515358 138.390739 -37.788697 76.946782 -204.402424 -104.835849 -24.353117 -176.953785 -55.637442 -90.403745 -149.252235 16.817452 -59.194296 76.712903 -19.460586 146.285616 -82.803261 4.538801 -81.954055 -12.525555 -8.175564 -142.903814 66.290079 -171.593593 74.445519 -71.592284 -89.706676 28.102643 -202.164011 -188.506359 -66.924079 -88.416901 -15.984527 -140.626710 -87.343061 -76.133455 62.002464 -21.935063 -27.945772 156.970605 83.814297 -75.414431 -67.715343 18.911780 -113.532762 -26.048798 27.363908 4.705604 6.976484 -27.823225 19.306642 13.366430 68.356208 15.276206 56.126652 -80.092283 100.619588 49.262452 8.836497 -17.658100 -5.221172 -40.852543 -117.552035 -46.319509 33.845206 57.942267 19.971829 -203.065958 -22.170950 167.656958 47.417992 -25.887769 63.739808 -11.699145 -183.204504 -167.776146 117.586053 3.882198 58.112414 57.276801 3.375465 77.408508 22.376030 -173.721871 95.114892 -111.113584 -71.407226 -22.765940 33.810350 7.321726 -4.231754 -123.850012 3.467022 30.719410 -67.092786 -49.969514 -45.910718 123.083654 113.013653 40.879313 -24.319317 -47.582195 164.090716 50.699434 -105.755998 -59.275559 71.140779 127.493024 21.781209 119.005335 69.165414 -53.738536 -44.853261 
 fitted_sfs: 1669323.059648 945322.811112 656013.402864 498946.213121 401307.365434 335251.767592 287790.152787 252111.960500 224338.071099 202111.939808 183925.039843 168768.943953 155944.661932 144952.651981 135426.501389 127091.374885 119737.096599 113200.193955 107351.608445 102088.093373 97326.067870 92997.147543 89044.841424 85422.072811 82089.297645 79013.056029 76164.844548 73520.231872 71058.156555 68760.365296 66610.960115 64596.030188 62703.350931 60922.135869 59242.831391 57656.945306 56156.903567 54735.929293 53387.940754 52107.464136 50889.560601 49729.760163 48624.009890 47568.624743 46560.247388 45595.812900 44672.515246 43787.785150 42939.261163 42124.773049 41342.313503 40590.040398 39866.243586 39169.341326 38497.866918 37850.458424 37225.849399 36622.860956 36040.393945 35477.422526 34932.988109 34406.194206 33896.200810 33402.220785 32923.515115 32459.389903 32009.192485 31572.308564 31148.159690 30736.200158 30335.915233 29946.818572 29568.450756 29200.376939 28842.185678 28493.486991 28153.911322 27823.107961 27500.743964 27186.503127 26880.084764 26581.202922 26289.585356 26004.972820 25727.118130 25455.786320 25190.752126 24931.801112 24678.728556 24431.338811 24189.444156 23952.866183 23721.433431 23494.981805 23273.354249 23056.400147 22843.975202 22635.940882 22432.164385 22232.518111 22036.879603 21845.131115 21657.159585 21472.856195 21292.116323 21114.839289 20940.928214 20770.289718 20602.833970 20438.474210 20277.127183 20118.712090 19963.150966 19810.370173 19660.296060 19512.859167 19367.992101 19225.629715 19085.708873 18948.168844 18812.950718 18679.997694 18549.254628 18420.667910 18294.185935 18169.759828 18047.339977 17926.879944 17808.334271 17691.658951 17576.811374 17463.750096 17352.435007 17242.827116 17134.888848 17028.583104 16923.874714 16820.728930 16719.112197 16618.991946 16520.336455 16423.114943 16327.297454 16232.855264 16139.759086 16047.982347 15957.497999 15868.279956 15780.302925 15693.542197 15607.973766 15523.574281 15440.320932 15358.191550 15277.164580 15197.218915 15118.334128 15040.490024 14963.667329 14887.846978 14813.010388 14739.139561 14666.216832 14594.225045 14523.147377 14452.967497 14383.669284 14315.237460 14247.656513 14180.911629 14114.988336 14049.872410 13985.550065 13922.007669 13859.232081 13797.210317 13735.929800 13675.378155 13615.543328 13556.413526 13497.977116 13440.222956 13383.139881 13326.717228 13270.944317 13215.810899 13161.306775 13107.422123 13054.147202 13001.472579 12949.388944 12897.887220 12846.958486 12796.594035 12746.785348 12697.524053 12648.801963 12600.611031 12552.943433 12505.791641 12459.147514 12413.004223 12367.354364 12322.190796 12277.506562 12233.294803 12189.548828 12146.262080 12103.428037 12061.040575 12019.093286 11977.580201 11936.495221 11895.832630 11855.586617 11815.751541 11776.321899 11737.292231 11698.657217 11660.411603 11622.550347 11585.068181 11547.960319 11511.221875 11474.848044 11438.834178 11403.175627 11367.867873 11332.906457 11298.287007 11264.005259 11230.056990 11196.438002 11163.144267 11130.171763 11097.516584 11065.174859 11033.142720 11001.416443 10969.992487 10938.867097 10908.036770 10877.497982 10847.247253 10817.281414 10787.596939 10758.190631 10729.059234 10700.199626 10671.608694 10643.283376 10615.220668 10587.417554 10559.871174 10532.578655 10505.537171 10478.743956 10452.196196 10425.891282 10399.826562 10373.999403 10348.407258 10323.047555 10297.917850 10273.015660 10248.338649 10223.884360 10199.650470 10175.634689 10151.834746 10128.248311 10104.873509 10081.707807 10058.749216 10035.995618 10013.444930 9991.095223 9968.944328 9946.990342 9925.231295 9903.665288 9882.290405 9861.104793 9840.106567 9819.293978 9798.665214 9778.218506 9757.952130 9737.864074 9717.953600 9698.217940 9678.656023 9659.266108 9640.046589 9620.995930 9602.112596 9583.395004 9564.841734 9546.451244 9528.222049 9510.152748 9492.241936 9474.488138 9456.890079 9439.446329 9422.155501 9405.016320 9388.027509 9371.187673 9354.495701 9337.950191 9321.549972 9305.293804 9289.180473 9273.208805 9257.377630 9241.685772 9226.132125 9210.715536 9195.434884 9180.289089 9165.276997 9150.397773 9135.650173 9121.033073 9106.545584 9092.186745 9077.955487 9063.850768 9049.871674 9036.017279 9022.286593 9008.678683 8995.192635 8981.826808 8968.582504 8955.456628 8942.449059 8929.558911 8916.785330 8904.127513 8891.584601 8879.155765 8866.840216 8854.637177 8842.545782 8830.565337 8818.695046 8806.934145 8795.281885 8783.737553 8772.300398 8760.969695 8749.744764 8738.624877 8727.609351 8716.697504 8705.888681 8695.182234 8684.577386 8674.073634 8663.670270 8653.366678 8643.162240 8633.056330 8623.048347 8613.137689 8603.323782 8593.606009 8583.983828 8574.456639 8565.023931 8555.685103 8546.439618 8537.286965 8528.226568 8519.257935 8510.380541 8501.593864 8492.897414 8484.290673 8475.773186 8467.344366 8459.003953 8450.751268 8442.585906 8434.507449 8426.515358 8418.609261 8410.788697 8403.053218 8395.402424 8387.835849 8380.353117 8372.953785 8365.637442 8358.403745 8351.252235 8344.182548 8337.194296 8330.287097 8323.460586 8316.714384 8309.803261 8303.461199 8296.954055 8290.525555 8284.175564 8277.903814 8271.709921 8265.593593 8259.554481 8253.592284 8247.706676 8241.897357 8236.164011 8230.506359 8224.924079 8219.416901 8213.984527 8208.626710 8203.343061 8198.133455 8192.997536 8187.935063 8182.945772 8178.029395 8173.185703 8168.414431 8163.715343 8159.088220 8154.532762 8150.048798 8145.636092 8141.294396 8137.023516 8132.823225 8128.693358 8124.633570 8120.643792 8116.723794 8112.873348 8109.092283 8105.380412 8101.737548 8098.163503 8094.658100 8091.221172 8087.852543 8084.552035 8081.319509 8078.154794 8075.057733 8072.028171 8069.065958 8066.170950 8063.343042 8060.582008 8057.887769 8055.260192 8052.699145 8050.204504 8047.776146 8045.413947 8043.117802 8040.887586 8038.723199 8036.624535 8034.591492 8032.623970 8030.721871 8028.885108 8027.113584 8025.407226 8023.765940 8022.189650 8020.678274 8019.231754 8017.850012 8016.532978 8015.280590 8014.092786 8012.969514 8011.910718 8010.916346 8009.986347 8009.120687 8008.319317 8007.582195 8006.909284 8006.300566 8005.755998 8005.275559 8004.859221 8004.506976 8004.218791 8003.994665 8003.834586 8003.738536 4001.853261 
 >
 log_likelihood: -73544106.652941 
 distance: 3254.563489 
 breakpoints: 9 30 34 
 thetas: 1003645.247048 1998591.204911 2062989.148772 1911359.462725 
 se_thetas: 699.697267 267.899409 18305.115199 28782.826069 
 residues: 137.372145 -805.378540 -135.406940 7.896601 288.687876 1167.413781 708.427063 212.507256 -24.029634 -343.956110 -210.744957 802.091356 -553.198944 138.365879 -110.221973 53.554214 -504.374299 334.274486 -39.591497 303.153968 -129.005796 -115.766211 107.297772 -547.792106 -288.537942 135.481123 25.735229 -78.372807 42.193879 171.667285 -90.073161 12.867128 223.698469 -339.805254 201.898425 -171.708215 -151.059966 2.612144 220.382747 164.719265 -187.445209 -3.645928 -55.834675 -289.330716 136.219367 -204.123064 313.444708 -66.510996 -63.631494 -264.749031 105.141197 -64.120673 -57.826538 -42.396506 12.634416 208.626575 245.844938 -172.532979 -95.409309 37.240590 -93.625810 -212.113060 -10.382139 35.353175 -19.168967 120.744527 -336.254441 46.447707 116.428754 255.233764 -165.623125 72.343859 83.593606 192.560452 214.655363 226.267864 154.767082 -205.496680 63.809134 -81.999641 -166.622668 40.225675 -349.182687 -75.588807 135.254205 140.581059 150.616742 -418.424558 5.661648 -51.929217 -78.009668 201.598514 -128.933413 -271.441547 -33.769012 -120.765369 26.713513 44.806005 -35.355245 48.357215 -228.934299 69.887822 -30.063490 -102.679544 189.144160 -111.491813 44.509304 -223.759217 178.792351 7.250666 95.698893 96.217729 12.885042 -0.225578 -65.040602 -230.490641 112.491625 83.971266 146.011342 -87.327481 -12.986363 -54.908566 -43.039009 -228.324153 -95.712453 -195.155058 -251.602449 60.991771 -125.326993 -6.514784 -159.529039 97.671638 163.127309 227.876921 1.958012 34.407626 139.260905 117.552552 -79.683915 97.584035 -109.611910 133.758994 36.726669 54.319818 152.567664 -1.503221 84.134172 177.505897 -26.362779 -92.447177 111.276684 -17.167872 -32.758062 174.528259 -78.287377 38.816111 269.859130 -106.138154 -49.156481 87.823189 -142.180582 56.850185 22.933134 -157.914597 96.323796 36.664628 -26.876006 30.717168 -6.540365 -48.633806 -116.548698 -163.270833 -146.786437 -16.081898 44.855913 -12.960035 83.482822 111.196845 -226.805925 50.486292 113.085114 -0.998325 -73.752876 -126.167884 87.767316 223.062964 -59.270753 139.775976 25.212882 -227.950611 102.294796 -85.041832 9.048420 17.574247 -76.455840 -26.033477 -32.150488 -36.798833 47.029304 5.341446 27.145712 135.448938 16.258515 -90.418422 40.425075 75.795858 -24.299389 -120.854115 98.138192 -188.316343 2.788674 -183.540791 95.701352 44.520815 -8.076597 -54.085248 -74.499642 -36.314325 19.476019 -171.123362 27.892570 1.529074 15.790933 -89.316972 133.210161 -5.623026 63.188111 -50.351913 -35.238643 100.532286 -194.034863 93.064127 15.833449 -63.722872 156.399181 30.203512 -102.306012 -79.125529 -101.251318 169.320162 -23.407342 129.569671 -67.745277 18.651285 77.762533 68.591982 85.142827 -95.581679 18.421585 -114.844274 -61.376194 35.828825 43.773795 40.461574 -81.104967 -48.923004 -0.989776 -62.302470 -101.858481 -93.655157 83.310131 86.039929 -101.463197 -32.196801 -59.158405 -190.345672 129.243850 27.612481 231.762511 158.696210 81.415900 40.923465 128.221426 -67.688227 34.196623 64.878056 -31.641997 130.638626 9.721830 -73.390420 49.303777 52.806333 -50.880900 133.243960 -2.817337 70.937017 43.508793 -74.100290 -125.888229 -131.854259 -122.995647 -68.311306 100.200500 115.541376 111.712856 142.716476 -75.446186 -11.773708 -42.264550 52.082771 -56.730346 -92.702493 -20.832202 -34.118194 -132.559042 55.846638 -60.899877 99.202688 35.155725 -152.039653 -141.382046 33.129715 -64.503129 -150.279368 2.802174 72.742665 128.543280 193.205125 121.729351 -70.882921 135.369387 -63.512572 -9.527959 -85.675535 33.045821 -1.363001 -79.901036 106.432780 131.639486 2.720000 6.675246 79.506212 58.213830 2.799016 -29.736614 -153.394295 -37.170999 -37.066586 -15.080167 -131.210890 -9.457953 116.179502 -8.297696 144.111242 17.407094 -38.409280 41.662819 -207.375816 184.475579 126.217753 -23.148581 25.377325 24.796197 -25.891284 122.315608 -109.582445 6.415240 -157.690683 -36.899565 166.789366 -102.623382 -154.137105 38.248816 141.534995 97.722060 -16.189390 -120.198752 129.694547 -57.508876 -83.808479 137.796336 16.306083 -21.278641 -85.957298 -153.729376 -78.594302 142.448419 83.399309 -182.741109 129.027655 -0.293883 105.294734 -41.205911 -23.795551 -119.473514 258.760607 51.907230 -38.033107 148.939967 -27.173085 87.628184 -193.655826 -94.024651 -13.477913 -166.015171 -44.636013 -79.340096 -138.126962 28.003753 -47.947564 88.019471 -8.094779 157.710065 -71.327616 16.078736 -70.357260 -0.872505 3.533142 -131.140049 78.108304 -159.721504 86.370872 -59.614264 -77.676589 40.184201 -190.031582 -176.323659 -54.691706 -76.135453 -3.654604 -128.248911 -74.917987 -63.661705 74.520291 -9.371759 -15.337591 169.623063 96.510432 -62.675220 -54.933656 31.735344 -100.667924 -13.143285 40.309495 17.690664 20.000416 -14.761022 32.406516 26.503372 81.529617 28.485482 69.371192 -66.813080 113.932853 62.609178 22.216081 -4.246260 8.222323 -27.377995 -104.047036 -32.784662 47.409301 71.535006 33.592611 -189.417736 -8.495890 181.358254 61.144920 -12.135810 77.516195 2.101067 -169.381069 -153.930091 131.454125 17.771685 72.022713 71.207309 17.325579 91.377626 36.363548 -159.716555 109.137402 -97.074483 -57.352136 -8.695465 47.895607 21.421162 9.881257 -109.724028 17.605376 44.869530 -52.931503 -35.797672 -31.728920 137.274805 127.213554 55.087359 -10.103727 -33.359666 178.319581 64.934032 -91.516271 -45.031306 85.388955 141.744518 36.035419 133.261657 83.423244 -39.479800 -37.723742 
 fitted_sfs: 1669180.627855 946192.378540 656042.406940 498685.103399 400999.312124 334968.586219 287545.572937 251903.492744 224160.029634 201958.956110 183792.744957 168653.908644 155844.198944 144864.634121 135349.221973 127023.445786 119677.374299 113147.725514 107305.591497 102047.846032 97291.005796 92966.766211 89018.702228 85399.792106 82070.537942 78997.518877 76152.264771 73510.372807 71050.806121 68755.332715 66608.073161 64595.132872 62704.301531 60924.805254 59247.101575 57662.708215 56164.059966 54744.387856 53397.617253 52118.280735 50901.445209 49742.645928 48637.834675 47583.330716 46575.780633 45612.123064 44689.555292 43805.510996 42957.631494 42143.749031 41361.858803 40610.120673 39886.826538 39190.396506 38519.365584 37872.373425 37248.155062 36645.532979 36063.409309 35500.759410 34956.625810 34430.113060 33920.382139 33426.646825 32948.168967 32484.255473 32034.254441 31597.552293 31173.571246 30761.766236 30361.623125 29972.656141 29594.406394 29226.439548 28868.344637 28519.732136 28180.232918 27849.496680 27527.190866 27212.999641 26906.622668 26607.774325 26316.182687 26031.588807 25753.745795 25482.418941 25217.383258 24958.424558 24705.338352 24457.929217 24216.009668 23979.401486 23747.933413 23521.441547 23299.769012 23082.765369 22870.286487 22662.193995 22458.355245 22258.642785 22062.934299 21871.112178 21683.063490 21498.679544 21317.855840 21140.491813 20966.490696 20795.759217 20628.207649 20463.749334 20302.301107 20143.782271 19988.114958 19835.225578 19685.040602 19537.490641 19392.508375 19250.028734 19109.988658 18972.327481 18836.986363 18703.908566 18573.039009 18444.324153 18317.712453 18193.155058 18070.602449 17950.008229 17831.326993 17714.514784 17599.529039 17486.328362 17374.872691 17265.123079 17157.041988 17050.592374 16945.739095 16842.447448 16740.683915 16640.415965 16541.611910 16444.241006 16348.273331 16253.680182 16160.432336 16068.503221 15977.865828 15888.494103 15800.362779 15713.447177 15627.723316 15543.167872 15459.758062 15377.471741 15296.287377 15216.183889 15137.140870 15059.138154 14982.156481 14906.176811 14831.180582 14757.149815 14684.066866 14611.914597 14540.676204 14470.335372 14400.876006 14332.282832 14264.540365 14197.633806 14131.548698 14066.270833 14001.786437 13938.081898 13875.144087 13812.960035 13751.517178 13690.803155 13630.805925 13571.513708 13512.914886 13454.998325 13397.752876 13341.167884 13285.232684 13229.937036 13175.270753 13121.224024 13067.787118 13014.950611 12962.705204 12911.041832 12859.951580 12809.425753 12759.455840 12710.033477 12661.150488 12612.798833 12564.970696 12517.658554 12470.854288 12424.551062 12378.741485 12333.418422 12288.574925 12244.204142 12200.299389 12156.854115 12113.861808 12071.316343 12029.211326 11987.540791 11946.298648 11905.479185 11865.076597 11825.085248 11785.499642 11746.314325 11707.523981 11669.123362 11631.107430 11593.470926 11556.209067 11519.316972 11482.789839 11446.623026 11410.811889 11375.351913 11340.238643 11305.467714 11271.034863 11236.935873 11203.166551 11169.722872 11136.600819 11103.796488 11071.306012 11039.125529 11007.251318 10975.679838 10944.407342 10913.430329 10882.745277 10852.348715 10822.237467 10792.408018 10762.857173 10733.581679 10704.578415 10675.844274 10647.376194 10619.171175 10591.226205 10563.538426 10536.104967 10508.923004 10481.989776 10455.302470 10428.858481 10402.655157 10376.689869 10350.960071 10325.463197 10300.196801 10275.158405 10250.345672 10225.756150 10201.387519 10177.237489 10153.303790 10129.584100 10106.076535 10082.778574 10059.688227 10036.803377 10014.121944 9991.641997 9969.361374 9947.278170 9925.390420 9903.696223 9882.193667 9860.880900 9839.756040 9818.817337 9798.062983 9777.491207 9757.100290 9736.888229 9716.854259 9696.995647 9677.311306 9657.799500 9638.458624 9619.287144 9600.283524 9581.446186 9562.773708 9544.264550 9525.917229 9507.730346 9489.702493 9471.832202 9454.118194 9436.559042 9419.153362 9401.899877 9384.797312 9367.844275 9351.039653 9334.382046 9317.870285 9301.503129 9285.279368 9269.197826 9253.257335 9237.456720 9221.794875 9206.270649 9190.882921 9175.630613 9160.512572 9145.527959 9130.675535 9115.954179 9101.363001 9086.901036 9072.567220 9058.360514 9044.280000 9030.324754 9016.493788 9002.786170 8989.200984 8975.736614 8962.394295 8949.170999 8936.066586 8923.080167 8910.210890 8897.457953 8884.820498 8872.297696 8859.888758 8847.592906 8835.409280 8823.337181 8811.375816 8799.524421 8787.782247 8776.148581 8764.622675 8753.203803 8741.891284 8730.684392 8719.582445 8708.584760 8697.690683 8686.899565 8676.210634 8665.623382 8655.137105 8644.751184 8634.465005 8624.277940 8614.189390 8604.198752 8594.305453 8584.508876 8574.808479 8565.203664 8555.693917 8546.278641 8536.957298 8527.729376 8518.594302 8509.551581 8500.600691 8491.741109 8482.972345 8474.293883 8465.705266 8457.205911 8448.795551 8440.473514 8432.239393 8424.092770 8416.033107 8408.060033 8400.173085 8392.371816 8384.655826 8377.024651 8369.477913 8362.015171 8354.636013 8347.340096 8340.126962 8332.996247 8325.947564 8318.980529 8312.094779 8305.289935 8298.327616 8291.921264 8285.357260 8278.872505 8272.466858 8266.140049 8259.891696 8253.721504 8247.629128 8241.614264 8235.676589 8229.815799 8224.031582 8218.323659 8212.691706 8207.135453 8201.654604 8196.248911 8190.917987 8185.661705 8180.479709 8175.371759 8170.337591 8165.376937 8160.489568 8155.675220 8150.933656 8146.264656 8141.667924 8137.143285 8132.690505 8128.309336 8123.999584 8119.761022 8115.593484 8111.496628 8107.470383 8103.514518 8099.628808 8095.813080 8092.067147 8088.390822 8084.783919 8081.246260 8077.777677 8074.377995 8071.047036 8067.784662 8064.590699 8061.464994 8058.407389 8055.417736 8052.495890 8049.641746 8046.855080 8044.135810 8041.483805 8038.898933 8036.381069 8033.930091 8031.545875 8029.228315 8026.977287 8024.792691 8022.674421 8020.622374 8018.636452 8016.716555 8014.862598 8013.074483 8011.352136 8009.695465 8008.104393 8006.578838 8005.118743 8003.724028 8002.394624 8001.130470 7999.931503 7998.797672 7997.728920 7996.725195 7995.786446 7994.912641 7994.103727 7993.359666 7992.680419 7992.065968 7991.516271 7991.031306 7990.611045 7990.255482 7989.964581 7989.738343 7989.576756 7989.479800 3994.723742 
